0	0.19635	0.19635	0
0.01001	0.19634	0.19634	-0.00195282
0.02002	0.19631	0.19631	-0.00390546
0.03003	0.196262	0.196261	-0.0058577
0.04004	0.196193	0.196192	-0.00780938
0.0500501	0.196105	0.196104	-0.00976028
0.0600601	0.195998	0.195996	-0.0117102
0.0700701	0.195871	0.195868	-0.013659
0.0800801	0.195724	0.19572	-0.0156065
0.0900901	0.195558	0.195553	-0.0175524
0.1001	0.195373	0.195367	-0.0194966
0.11011	0.195168	0.19516	-0.0214389
0.12012	0.194944	0.194935	-0.023379
0.13013	0.1947	0.194689	-0.0253169
0.14014	0.194437	0.194425	-0.0272523
0.15015	0.194154	0.19414	-0.029185
0.16016	0.193853	0.193837	-0.0311148
0.17017	0.193532	0.193513	-0.0330416
0.18018	0.193191	0.193171	-0.0349651
0.19019	0.192832	0.192809	-0.0368852
0.2002	0.192453	0.192428	-0.0388017
0.21021	0.192055	0.192027	-0.0407143
0.22022	0.191638	0.191608	-0.042623
0.23023	0.191201	0.191169	-0.0445274
0.24024	0.190746	0.190711	-0.0464275
0.25025	0.190272	0.190233	-0.048323
0.26026	0.189779	0.189737	-0.0502137
0.27027	0.189267	0.189222	-0.0520995
0.28028	0.188736	0.188688	-0.0539802
0.29029	0.188186	0.188134	-0.0558556
0.3003	0.187618	0.187562	-0.0577254
0.31031	0.18703	0.186972	-0.0595896
0.32032	0.186425	0.186362	-0.0614479
0.33033	0.1858	0.185734	-0.0633002
0.34034	0.185157	0.185087	-0.0651462
0.35035	0.184496	0.184422	-0.0669858
0.36036	0.183816	0.183738	-0.0688189
0.37037	0.183118	0.183036	-0.0706451
0.38038	0.182402	0.182315	-0.0724644
0.39039	0.181668	0.181576	-0.0742765
0.4004	0.180915	0.180819	-0.0760813
0.41041	0.180144	0.180044	-0.0778786
0.42042	0.179356	0.179251	-0.0796683
0.43043	0.17855	0.17844	-0.0814501
0.44044	0.177725	0.177611	-0.0832238
0.45045	0.176883	0.176764	-0.0849894
0.46046	0.176024	0.175899	-0.0867465
0.47047	0.175147	0.175017	-0.0884952
0.48048	0.174252	0.174117	-0.090235
0.49049	0.17334	0.1732	-0.091966
0.500501	0.172411	0.172266	-0.0936879
0.510511	0.171465	0.171314	-0.0954005
0.520521	0.170501	0.170345	-0.0971038
0.530531	0.169521	0.169359	-0.0987974
0.540541	0.168523	0.168356	-0.100481
0.550551	0.167509	0.167336	-0.102155
0.560561	0.166478	0.1663	-0.103819
0.570571	0.165431	0.165246	-0.105473
0.580581	0.164367	0.164177	-0.107116
0.590591	0.163286	0.16309	-0.108748
0.600601	0.16219	0.161988	-0.11037
0.610611	0.161077	0.160869	-0.111981
0.620621	0.159948	0.159734	-0.113581
0.630631	0.158803	0.158583	-0.11517
0.640641	0.157642	0.157416	-0.116747
0.650651	0.156466	0.156233	-0.118313
0.660661	0.155273	0.155035	-0.119867
0.670671	0.154066	0.153821	-0.121409
0.680681	0.152843	0.152592	-0.122939
0.690691	0.151605	0.151347	-0.124457
0.700701	0.150351	0.150088	-0.125962
0.710711	0.149083	0.148813	-0.127455
0.720721	0.1478	0.147523	-0.128936
0.730731	0.146502	0.146219	-0.130403
0.740741	0.145189	0.1449	-0.131858
0.750751	0.143862	0.143566	-0.1333
0.760761	0.14252	0.142218	-0.134728
0.770771	0.141165	0.140856	-0.136143
0.780781	0.139795	0.13948	-0.137545
0.790791	0.138411	0.138089	-0.138933
0.800801	0.137013	0.136685	-0.140307
0.810811	0.135602	0.135267	-0.141667
0.820821	0.134177	0.133836	-0.143014
0.830831	0.132739	0.132391	-0.144345
0.840841	0.131288	0.130933	-0.145663
0.850851	0.129823	0.129462	-0.146966
0.860861	0.128345	0.127978	-0.148255
0.870871	0.126855	0.126481	-0.149529
0.880881	0.125352	0.124971	-0.150788
0.890891	0.123836	0.123449	-0.152032
0.900901	0.122308	0.121914	-0.15326
0.910911	0.120768	0.120367	-0.154474
0.920921	0.119216	0.118809	-0.155672
0.930931	0.117652	0.117238	-0.156855
0.940941	0.116076	0.115655	-0.158022
0.950951	0.114488	0.114061	-0.159174
0.960961	0.112889	0.112456	-0.160309
0.970971	0.111279	0.110839	-0.161429
0.980981	0.109657	0.109211	-0.162532
0.990991	0.108025	0.107572	-0.16362
1.001	0.106382	0.105923	-0.164691
1.01101	0.104728	0.104262	-0.165745
1.02102	0.103063	0.102592	-0.166784
1.03103	0.101389	0.100911	-0.167805
1.04104	0.099704	0.0992198	-0.16881
1.05105	0.0980092	0.0975188	-0.169798
1.06106	0.0963047	0.095808	-0.170769
1.07107	0.0945905	0.0940876	-0.171723
1.08108	0.0928668	0.0923578	-0.17266
1.09109	0.0911339	0.0906188	-0.173579
1.1011	0.0893918	0.0888707	-0.174482
1.11111	0.0876408	0.0871136	-0.175367
1.12112	0.085881	0.0853479	-0.176234
1.13113	0.0841127	0.0835735	-0.177084
1.14114	0.0823359	0.0817908	-0.177916
1.15115	0.0805508	0.08	-0.17873
1.16116	0.0787578	0.0782011	-0.179527
1.17117	0.0769568	0.0763943	-0.180305
1.18118	0.0751481	0.0745799	-0.181066
1.19119	0.0733319	0.0727581	-0.181808
1.2012	0.0715084	0.0709289	-0.182533
1.21121	0.0696777	0.0690926	-0.183239
1.22122	0.06784	0.0672495	-0.183926
1.23123	0.0659955	0.0653995	-0.184596
1.24124	0.0641444	0.063543	-0.185247
1.25125	0.0622869	0.0616802	-0.185879
1.26126	0.0604232	0.0598112	-0.186493
1.27127	0.0585534	0.0579362	-0.187088
1.28128	0.0566777	0.0560553	-0.187664
1.29129	0.0547964	0.0541689	-0.188222
1.3013	0.0529096	0.052277	-0.188761
1.31131	0.0510175	0.0503799	-0.189281
1.32132	0.0491202	0.0484778	-0.189782
1.33133	0.0472181	0.0465708	-0.190264
1.34134	0.0453112	0.0446591	-0.190727
1.35135	0.0433998	0.0427429	-0.191171
1.36136	0.0414841	0.0408225	-0.191595
1.37137	0.0395641	0.038898	-0.192001
1.38138	0.0376403	0.0369695	-0.192387
1.39139	0.0357126	0.0350374	-0.192754
1.4014	0.0337814	0.0331018	-0.193102
1.41141	0.0318468	0.0311628	-0.19343
1.42142	0.029909	0.0292207	-0.193739
1.43143	0.0279682	0.0272757	-0.194029
1.44144	0.0260246	0.025328	-0.194299
1.45145	0.0240784	0.0233777	-0.19455
1.46146	0.0221297	0.0214251	-0.194781
1.47147	0.0201789	0.0194703	-0.194993
1.48148	0.018226	0.0175136	-0.195185
1.49149	0.0162713	0.0155552	-0.195358
1.5015	0.014315	0.0135951	-0.195511
1.51151	0.0123573	0.0116337	-0.195644
1.52152	0.0103983	0.00967117	-0.195758
1.53153	0.00843826	0.00770764	-0.195853
1.54154	0.00647738	0.00574334	-0.195927
1.55155	0.00451586	0.00377847	-0.195982
1.56156	0.00255388	0.00181322	-0.196018
1.57157	0.000591647	-0.000152219	-0.196033
1.58158	-0.00137065	-0.00211764	-0.196029
1.59159	-0.0033328	-0.00408285	-0.196006
1.6016	-0.00529462	-0.00604764	-0.195963
1.61161	-0.00725592	-0.00801184	-0.1959
1.62162	-0.00921648	-0.00997523	-0.195818
1.63163	-0.0111761	-0.0119376	-0.195715
1.64164	-0.0131346	-0.0138988	-0.195594
1.65165	-0.0150918	-0.0158586	-0.195452
1.66166	-0.0170475	-0.0178168	-0.195292
1.67167	-0.0190015	-0.0197733	-0.195111
1.68168	-0.0209536	-0.0217277	-0.194911
1.69169	-0.0229036	-0.02368	-0.194692
1.7017	-0.0248513	-0.0256299	-0.194453
1.71171	-0.0267965	-0.0275772	-0.194194
1.72172	-0.028739	-0.0295218	-0.193916
1.73173	-0.0306786	-0.0314634	-0.193619
1.74174	-0.0326152	-0.0334018	-0.193302
1.75175	-0.0345485	-0.0353369	-0.192966
1.76176	-0.0364783	-0.0372685	-0.192611
1.77177	-0.0384045	-0.0391963	-0.192236
1.78178	-0.0403268	-0.0411202	-0.191842
1.79179	-0.0422451	-0.04304	-0.191429
1.8018	-0.0441592	-0.0449555	-0.190997
1.81181	-0.0460688	-0.0468665	-0.190545
1.82182	-0.0479738	-0.0487727	-0.190075
1.83183	-0.049874	-0.0506741	-0.189585
1.84184	-0.0517692	-0.0525704	-0.189077
1.85185	-0.0536593	-0.0544615	-0.188549
1.86186	-0.0555439	-0.056347	-0.188003
1.87187	-0.057423	-0.058227	-0.187438
1.88188	-0.0592964	-0.0601011	-0.186854
1.89189	-0.0611638	-0.0619692	-0.186251
1.9019	-0.0630251	-0.063831	-0.18563
1.91191	-0.0648801	-0.0656865	-0.184991
1.92192	-0.0667285	-0.0675354	-0.184332
1.93193	-0.0685703	-0.0693775	-0.183656
1.94194	-0.0704053	-0.0712127	-0.182961
1.95195	-0.0722331	-0.0730407	-0.182247
1.96196	-0.0740538	-0.0748615	-0.181516
1.97197	-0.075867	-0.0766747	-0.180766
1.98198	-0.0776727	-0.0784802	-0.179998
1.99199	-0.0794705	-0.0802779	-0.179213
2.002	-0.0812605	-0.0820675	-0.178409
2.01201	-0.0830422	-0.0838489	-0.177588
2.02202	-0.0848157	-0.0856219	-0.176749
2.03203	-0.0865807	-0.0873863	-0.175892
2.04204	-0.088337	-0.089142	-0.175017
2.05205	-0.0900845	-0.0908888	-0.174126
2.06206	-0.0918229	-0.0926264	-0.173216
2.07207	-0.0935522	-0.0943547	-0.17229
2.08208	-0.0952721	-0.0960736	-0.171346
2.09209	-0.0969825	-0.0977829	-0.170385
2.1021	-0.0986832	-0.0994824	-0.169408
2.11211	-0.100374	-0.101172	-0.168413
2.12212	-0.102055	-0.102851	-0.167402
2.13213	-0.103725	-0.10452	-0.166373
2.14214	-0.105386	-0.106179	-0.165329
2.15215	-0.107035	-0.107827	-0.164268
2.16216	-0.108674	-0.109464	-0.16319
2.17217	-0.110302	-0.11109	-0.162096
2.18218	-0.111919	-0.112705	-0.160986
2.19219	-0.113525	-0.114309	-0.15986
2.2022	-0.11512	-0.115901	-0.158718
2.21221	-0.116703	-0.117482	-0.157561
2.22222	-0.118274	-0.119051	-0.156387
2.23223	-0.119833	-0.120608	-0.155198
2.24224	-0.121381	-0.122153	-0.153994
2.25225	-0.122916	-0.123685	-0.152774
2.26226	-0.124439	-0.125206	-0.15154
2.27227	-0.12595	-0.126713	-0.15029
2.28228	-0.127448	-0.128208	-0.149025
2.29229	-0.128934	-0.129691	-0.147745
2.3023	-0.130406	-0.13116	-0.146451
2.31231	-0.131865	-0.132616	-0.145142
2.32232	-0.133312	-0.134059	-0.143818
2.33233	-0.134745	-0.135488	-0.142481
2.34234	-0.136164	-0.136904	-0.141129
2.35235	-0.13757	-0.138306	-0.139763
2.36236	-0.138962	-0.139694	-0.138384
2.37237	-0.14034	-0.141068	-0.13699
2.38238	-0.141705	-0.142428	-0.135583
2.39239	-0.143055	-0.143774	-0.134163
2.4024	-0.144391	-0.145105	-0.132729
2.41241	-0.145712	-0.146422	-0.131282
2.42242	-0.147019	-0.147724	-0.129822
2.43243	-0.148311	-0.149011	-0.12835
2.44244	-0.149588	-0.150284	-0.126864
2.45245	-0.150851	-0.151541	-0.125366
2.46246	-0.152098	-0.152783	-0.123856
2.47247	-0.15333	-0.15401	-0.122333
2.48248	-0.154547	-0.155222	-0.120798
2.49249	-0.155749	-0.156418	-0.119251
2.5025	-0.156934	-0.157598	-0.117692
2.51251	-0.158105	-0.158762	-0.116122
2.52252	-0.159259	-0.159911	-0.11454
2.53253	-0.160398	-0.161043	-0.112947
2.54254	-0.16152	-0.16216	-0.111343
2.55255	-0.162627	-0.16326	-0.109728
2.56256	-0.163717	-0.164343	-0.108102
2.57257	-0.164791	-0.165411	-0.106465
2.58258	-0.165848	-0.166461	-0.104817
2.59259	-0.166889	-0.167495	-0.10316
2.6026	-0.167914	-0.168513	-0.101492
2.61261	-0.168921	-0.169513	-0.099814
2.62262	-0.169912	-0.170496	-0.0981262
2.63263	-0.170886	-0.171463	-0.0964288
2.64264	-0.171842	-0.172412	-0.0947218
2.65265	-0.172782	-0.173344	-0.0930054
2.66266	-0.173704	-0.174258	-0.0912799
2.67267	-0.174609	-0.175155	-0.0895454
2.68268	-0.175497	-0.176034	-0.087802
2.69269	-0.176367	-0.176896	-0.08605
2.7027	-0.17722	-0.17774	-0.0842895
2.71271	-0.178055	-0.178567	-0.0825206
2.72272	-0.178872	-0.179375	-0.0807437
2.73273	-0.179671	-0.180165	-0.0789588
2.74274	-0.180453	-0.180938	-0.077166
2.75275	-0.181216	-0.181692	-0.0753657
2.76276	-0.181961	-0.182428	-0.073558
2.77277	-0.182689	-0.183146	-0.071743
2.78278	-0.183398	-0.183845	-0.0699209
2.79279	-0.184088	-0.184526	-0.068092
2.8028	-0.184761	-0.185189	-0.0662563
2.81281	-0.185415	-0.185832	-0.0644141
2.82282	-0.18605	-0.186458	-0.0625656
2.83283	-0.186667	-0.187064	-0.0607109
2.84284	-0.187266	-0.187652	-0.0588502
2.85285	-0.187845	-0.188221	-0.0569838
2.86286	-0.188407	-0.188772	-0.0551117
2.87287	-0.188949	-0.189303	-0.0532342
2.88288	-0.189472	-0.189815	-0.0513515
2.89289	-0.189977	-0.190309	-0.0494637
2.9029	-0.190463	-0.190783	-0.047571
2.91291	-0.190929	-0.191238	-0.0456737
2.92292	-0.191377	-0.191674	-0.0437719
2.93293	-0.191805	-0.192091	-0.0418657
2.94294	-0.192215	-0.192488	-0.0399555
2.95295	-0.192605	-0.192866	-0.0380413
2.96296	-0.192977	-0.193225	-0.0361234
2.97297	-0.193329	-0.193565	-0.0342019
2.98298	-0.193661	-0.193885	-0.0322771
2.99299	-0.193975	-0.194186	-0.0303491
3.003	-0.194269	-0.194467	-0.0284181
3.01301	-0.194544	-0.194729	-0.0264843
3.02302	-0.194799	-0.194971	-0.0245479
3.03303	-0.195035	-0.195194	-0.0226091
3.04304	-0.195252	-0.195397	-0.020668
3.05305	-0.195449	-0.19558	-0.018725
3.06306	-0.195627	-0.195744	-0.0167801
3.07307	-0.195785	-0.195889	-0.0148335
3.08308	-0.195924	-0.196014	-0.0128855
3.09309	-0.196043	-0.196119	-0.0109363
3.1031	-0.196142	-0.196204	-0.0089859
3.11311	-0.196223	-0.19627	-0.00703467
3.12312	-0.196283	-0.196316	-0.00508275
3.13313	-0.196324	-0.196343	-0.00313032
3.14314	-0.196346	-0.196349	-0.00117759
3.15315	-0.196348	-0.196336	0.000775257
3.16316	-0.19633	-0.196304	0.00272803
3.17317	-0.196293	-0.196252	0.00468053
3.18318	-0.196237	-0.19618	0.00663257
3.19319	-0.196161	-0.196088	0.00858396
3.2032	-0.196065	-0.195977	0.0105345
3.21321	-0.19595	-0.195846	0.012484
3.22322	-0.195815	-0.195696	0.0144323
3.23323	-0.195661	-0.195526	0.0163792
3.24324	-0.195487	-0.195336	0.0183244
3.25325	-0.195294	-0.195127	0.0202679
3.26326	-0.195081	-0.194898	0.0222094
3.27327	-0.194849	-0.19465	0.0241486
3.28328	-0.194598	-0.194382	0.0260855
3.29329	-0.194327	-0.194095	0.0280199
3.3033	-0.194037	-0.193788	0.0299515
3.31331	-0.193727	-0.193462	0.0318801
3.32332	-0.193399	-0.193116	0.0338056
3.33333	-0.193051	-0.192751	0.0357278
3.34334	-0.192683	-0.192367	0.0376465
3.35335	-0.192297	-0.191964	0.0395614
3.36336	-0.191891	-0.191541	0.0414725
3.37337	-0.191467	-0.191099	0.0433795
3.38338	-0.191023	-0.190638	0.0452822
3.39339	-0.19056	-0.190158	0.0471805
3.4034	-0.190078	-0.189659	0.0490742
3.41341	-0.189578	-0.18914	0.050963
3.42342	-0.189058	-0.188603	0.0528467
3.43343	-0.18852	-0.188047	0.0547253
3.44344	-0.187963	-0.187472	0.0565985
3.45345	-0.187387	-0.186878	0.0584662
3.46346	-0.186792	-0.186266	0.060328
3.47347	-0.186179	-0.185635	0.062184
3.48348	-0.185547	-0.184985	0.0640338
3.49349	-0.184897	-0.184317	0.0658773
3.5035	-0.184228	-0.18363	0.0677143
3.51351	-0.183541	-0.182925	0.0695447
3.52352	-0.182836	-0.182202	0.0713682
3.53353	-0.182113	-0.18146	0.0731846
3.54354	-0.181371	-0.1807	0.0749939
3.55355	-0.180611	-0.179922	0.0767958
3.56356	-0.179834	-0.179126	0.07859
3.57357	-0.179038	-0.178313	0.0803766
3.58358	-0.178224	-0.177481	0.0821552
3.59359	-0.177393	-0.176631	0.0839257
3.6036	-0.176544	-0.175764	0.085688
3.61361	-0.175678	-0.174879	0.0874418
3.62362	-0.174794	-0.173977	0.0891869
3.63363	-0.173892	-0.173057	0.0909233
3.64364	-0.172973	-0.17212	0.0926507
3.65365	-0.172037	-0.171165	0.0943689
3.66366	-0.171084	-0.170193	0.0960778
3.67367	-0.170114	-0.169205	0.0977773
3.68368	-0.169127	-0.168199	0.0994671
3.69369	-0.168123	-0.167177	0.101147
3.7037	-0.167102	-0.166138	0.102817
3.71371	-0.166064	-0.165082	0.104477
3.72372	-0.16501	-0.164009	0.106126
3.73373	-0.16394	-0.162921	0.107765
3.74374	-0.162853	-0.161815	0.109394
3.75375	-0.16175	-0.160694	0.111011
3.76376	-0.16063	-0.159557	0.112618
3.77377	-0.159495	-0.158403	0.114213
3.78378	-0.158344	-0.157234	0.115797
3.79379	-0.157177	-0.156049	0.11737
3.8038	-0.155994	-0.154848	0.118931
3.81381	-0.154796	-0.153632	0.12048
3.82382	-0.153582	-0.1524	0.122018
3.83383	-0.152353	-0.151153	0.123543
3.84384	-0.151109	-0.149891	0.125056
3.85385	-0.14985	-0.148614	0.126556
3.86386	-0.148575	-0.147322	0.128045
3.87387	-0.147286	-0.146016	0.12952
3.88388	-0.145982	-0.144694	0.130983
3.89389	-0.144664	-0.143358	0.132432
3.9039	-0.143331	-0.142008	0.133869
3.91391	-0.141984	-0.140644	0.135292
3.92392	-0.140623	-0.139265	0.136701
3.93393	-0.139247	-0.137873	0.138098
3.94394	-0.137858	-0.136466	0.13948
3.95395	-0.136455	-0.135047	0.140849
3.96396	-0.135038	-0.133613	0.142203
3.97397	-0.133608	-0.132166	0.143544
3.98398	-0.132164	-0.130706	0.14487
3.99399	-0.130708	-0.129233	0.146182
4.004	-0.129238	-0.127747	0.14748
4.01401	-0.127755	-0.126248	0.148762
4.02402	-0.12626	-0.124736	0.15003
4.03403	-0.124752	-0.123212	0.151283
4.04404	-0.123231	-0.121675	0.152521
4.05405	-0.121698	-0.120127	0.153744
4.06406	-0.120153	-0.118566	0.154952
4.07407	-0.118596	-0.116993	0.156144
4.08408	-0.117027	-0.115409	0.15732
4.09409	-0.115447	-0.113813	0.158481
4.1041	-0.113855	-0.112206	0.159626
4.11411	-0.112251	-0.110588	0.160756
4.12412	-0.110636	-0.108958	0.161869
4.13413	-0.10901	-0.107317	0.162966
4.14414	-0.107374	-0.105666	0.164047
4.15415	-0.105726	-0.104004	0.165111
4.16416	-0.104068	-0.102332	0.16616
4.17417	-0.1024	-0.10065	0.167191
4.18418	-0.100721	-0.098957	0.168206
4.19419	-0.0990324	-0.0972544	0.169204
4.2042	-0.0973337	-0.0955422	0.170185
4.21421	-0.0956253	-0.0938203	0.17115
4.22422	-0.0939073	-0.0920891	0.172097
4.23423	-0.09218	-0.0903486	0.173027
4.24424	-0.0904434	-0.0885991	0.17394
4.25425	-0.0886978	-0.0868407	0.174835
4.26426	-0.0869433	-0.0850736	0.175713
4.27427	-0.08518	-0.083298	0.176573
4.28428	-0.0834083	-0.081514	0.177416
4.29429	-0.0816282	-0.0797218	0.178241
4.3043	-0.07984	-0.0779217	0.179049
4.31431	-0.0780437	-0.0761138	0.179838
4.32432	-0.0762397	-0.0742982	0.180609
4.33433	-0.074428	-0.0724752	0.181363
4.34434	-0.0726088	-0.0706449	0.182098
4.35435	-0.0707824	-0.0688076	0.182815
4.36436	-0.0689489	-0.0669633	0.183514
4.37437	-0.0671085	-0.0651124	0.184194
4.38438	-0.0652614	-0.0632549	0.184856
4.39439	-0.0634078	-0.0613911	0.1855
4.4044	-0.0615478	-0.0595211	0.186125
4.41441	-0.0596816	-0.0576452	0.186731
4.42442	-0.0578095	-0.0557635	0.187319
4.43443	-0.0559315	-0.0538762	0.187888
4.44444	-0.054048	-0.0519835	0.188438
4.45445	-0.0521591	-0.0500856	0.18897
4.46446	-0.0502649	-0.0481827	0.189482
4.47447	-0.0483657	-0.046275	0.189975
4.48448	-0.0464617	-0.0443626	0.19045
4.49449	-0.044553	-0.0424457	0.190905
4.5045	-0.0426398	-0.0405247	0.191341
4.51451	-0.0407224	-0.0385995	0.191759
4.52452	-0.0388008	-0.0366705	0.192157
4.53453	-0.0368754	-0.0347378	0.192535
4.54454	-0.0349464	-0.0328017	0.192895
4.55455	-0.0330138	-0.0308622	0.193235
4.56456	-0.0310779	-0.0289197	0.193555
4.57457	-0.0291388	-0.0269742	0.193857
4.58458	-0.0271969	-0.0250261	0.194139
4.59459	-0.0252522	-0.0230754	0.194401
4.6046	-0.0233051	-0.0211225	0.194644
4.61461	-0.0213555	-0.0191674	0.194868
4.62462	-0.0194039	-0.0172104	0.195072
4.63463	-0.0174503	-0.0152517	0.195256
4.64464	-0.0154949	-0.0132914	0.195421
4.65465	-0.013538	-0.0113298	0.195566
4.66466	-0.0115797	-0.00936709	0.195692
4.67467	-0.0096203	-0.00740343	0.195798
4.68468	-0.00765991	-0.00543903	0.195885
4.69469	-0.00569875	-0.00347408	0.195951
4.7047	-0.00373702	-0.00150879	0.195999
4.71471	-0.00177492	0.000456656	0.196026
4.72472	0.000187362	0.00242206	0.196034
4.73473	0.00214962	0.00438721	0.196022
4.74474	0.00411167	0.00635193	0.195991
4.75475	0.00607331	0.00831601	0.19594
4.76476	0.00803433	0.0102793	0.19587
4.77477	0.00999455	0.0122415	0.195779
4.78478	0.0119538	0.0142025	0.195669
4.79479	0.0139118	0.016162	0.19554
4.8048	0.0158684	0.01812	0.195391
4.81481	0.0178235	0.0200761	0.195222
4.82482	0.0197767	0.0220302	0.195034
4.83483	0.021728	0.0239822	0.194826
4.84484	0.0236771	0.0259317	0.194599
4.85485	0.0256238	0.0278786	0.194353
4.86486	0.027568	0.0298227	0.194086
4.87487	0.0295093	0.0317638	0.193801
4.88488	0.0314478	0.0337018	0.193496
4.89489	0.0333831	0.0356363	0.193171
4.9049	0.035315	0.0375674	0.192827
4.91491	0.0372434	0.0394946	0.192464
4.92492	0.0391681	0.0414179	0.192082
4.93493	0.0410888	0.043337	0.19168
4.94494	0.0430055	0.0452518	0.19126
4.95495	0.0449178	0.047162	0.19082
4.96496	0.0468256	0.0490676	0.190361
4.97497	0.0487288	0.0509682	0.189883
4.98498	0.050627	0.0528637	0.189386
4.99499	0.0525202	0.0547539	0.18887
5.00501	0.0544081	0.0566386	0.188335
5.01502	0.0562906	0.0585176	0.187781
5.02503	0.0581674	0.0603908	0.187208
5.03504	0.0600384	0.062258	0.186617
5.04505	0.0619034	0.0641189	0.186007
5.05506	0.0637622	0.0659733	0.185379
5.06507	0.0656147	0.0678212	0.184731
5.07508	0.0674605	0.0696622	0.184066
5.08509	0.0692996	0.0714963	0.183382
5.0951	0.0711318	0.0733232	0.18268
5.10511	0.0729568	0.0751428	0.181959
5.11512	0.0747745	0.0769548	0.18122
5.12513	0.0765848	0.0787592	0.180464
5.13514	0.0783873	0.0805556	0.179689
5.14515	0.0801821	0.082344	0.178896
5.15516	0.0819688	0.0841241	0.178085
5.16517	0.0837473	0.0858958	0.177257
5.17518	0.0855174	0.0876589	0.176411
5.18519	0.087279	0.0894132	0.175547
5.1952	0.0890318	0.0911585	0.174665
5.20521	0.0907757	0.0928947	0.173767
5.21522	0.0925106	0.0946216	0.172851
5.22523	0.0942361	0.096339	0.171917
5.23524	0.0959523	0.0980468	0.170967
5.24525	0.0976588	0.0997447	0.169999
5.25526	0.0993556	0.101433	0.169015
5.26527	0.101042	0.10311	0.168014
5.27528	0.102719	0.104778	0.166995
5.28529	0.104386	0.106435	0.165961
5.2953	0.106042	0.108081	0.164909
5.30531	0.107687	0.109717	0.163842
5.31532	0.109322	0.111341	0.162758
5.32533	0.110945	0.112954	0.161658
5.33534	0.112558	0.114556	0.160541
5.34535	0.114159	0.116147	0.159409
5.35536	0.115749	0.117726	0.158261
5.36537	0.117328	0.119293	0.157097
5.37538	0.118894	0.120848	0.155917
5.38539	0.120449	0.122391	0.154722
5.3954	0.121992	0.123922	0.153512
5.40541	0.123522	0.12544	0.152286
5.41542	0.125041	0.126946	0.151045
5.42543	0.126546	0.128439	0.149789
5.43544	0.128039	0.129919	0.148519
5.44545	0.12952	0.131386	0.147233
5.45546	0.130987	0.13284	0.145933
5.46547	0.132441	0.134281	0.144618
5.47548	0.133882	0.135708	0.143289
5.48549	0.13531	0.137122	0.141946
5.4955	0.136724	0.138522	0.140589
5.50551	0.138124	0.139908	0.139217
5.51552	0.139511	0.14128	0.137832
5.52553	0.140884	0.142637	0.136433
5.53554	0.142242	0.143981	0.135021
5.54555	0.143587	0.14531	0.133595
5.55556	0.144917	0.146625	0.132156
5.56557	0.146232	0.147924	0.130704
5.57558	0.147533	0.14921	0.129239
5.58559	0.14882	0.15048	0.127761
5.5956	0.150091	0.151735	0.126271
5.60561	0.151348	0.152974	0.124768
5.61562	0.152589	0.154199	0.123252
5.62563	0.153815	0.155408	0.121725
5.63564	0.155026	0.156601	0.120185
5.64565	0.156221	0.157779	0.118634
5.65566	0.157401	0.158941	0.11707
5.66567	0.158565	0.160087	0.115496
5.67568	0.159713	0.161217	0.113909
5.68569	0.160845	0.162331	0.112312
5.6957	0.161962	0.163429	0.110703
5.70571	0.163062	0.16451	0.109084
5.71572	0.164145	0.165574	0.107453
5.72573	0.165213	0.166623	0.105812
5.73574	0.166264	0.167654	0.104161
5.74575	0.167298	0.168669	0.102499
5.75576	0.168316	0.169666	0.100827
5.76577	0.169317	0.170647	0.0991451
5.77578	0.170301	0.171611	0.0974535
5.78579	0.171268	0.172557	0.0957522
5.7958	0.172217	0.173486	0.0940415
5.80581	0.17315	0.174398	0.0923215
5.81582	0.174066	0.175292	0.0905924
5.82583	0.174964	0.176169	0.0888543
5.83584	0.175845	0.177028	0.0871075
5.84585	0.176708	0.177869	0.0853521
5.85586	0.177553	0.178693	0.0835883
5.86587	0.178381	0.179499	0.0818162
5.87588	0.179191	0.180286	0.080036
5.88589	0.179983	0.181056	0.078248
5.8959	0.180758	0.181807	0.0764522
5.90591	0.181514	0.18254	0.074649
5.91592	0.182252	0.183255	0.0728383
5.92593	0.182972	0.183952	0.0710205
5.93594	0.183674	0.18463	0.0691957
5.94595	0.184357	0.18529	0.067364
5.95596	0.185023	0.185931	0.0655258
5.96597	0.185669	0.186553	0.063681
5.97598	0.186297	0.187157	0.06183
5.98599	0.186907	0.187742	0.059973
5.996	0.187498	0.188308	0.05811
6.00601	0.18807	0.188855	0.0562413
6.01602	0.188624	0.189383	0.054367
6.02603	0.189159	0.189893	0.0524874
6.03604	0.189675	0.190383	0.0506027
6.04605	0.190172	0.190855	0.0487129
6.05606	0.19065	0.191307	0.0468184
6.06607	0.191109	0.19174	0.0449192
6.07608	0.191549	0.192153	0.0430157
6.08609	0.19197	0.192548	0.0411079
6.0961	0.192372	0.192923	0.039196
6.10611	0.192755	0.193279	0.0372804
6.11612	0.193119	0.193616	0.035361
6.12613	0.193463	0.193933	0.0334382
6.13614	0.193788	0.19423	0.031512
6.14615	0.194094	0.194509	0.0295828
6.15616	0.19438	0.194767	0.0276507
6.16617	0.194647	0.195007	0.0257159
6.17618	0.194895	0.195226	0.0237785
6.18619	0.195123	0.195427	0.0218388
6.1962	0.195332	0.195607	0.0198969
6.20621	0.195522	0.195768	0.0179531
6.21622	0.195692	0.195909	0.0160075
6.22623	0.195842	0.196031	0.0140604
6.23624	0.195973	0.196133	0.0121118
6.24625	0.196085	0.196216	0.0101621
6.25626	0.196177	0.196278	0.00821138
6.26627	0.196249	0.196321	0.00625985
6.27628	0.196302	0.196345	0.00430771
6.28629	0.196335	0.196349	0.00235514
6.2963	0.196349	0.196333	0.000402338
6.30631	0.196343	0.196297	-0.0015505
6.31632	0.196318	0.196242	-0.00350319
6.32633	0.196273	0.196167	-0.00545553
6.33634	0.196209	0.196072	-0.00740734
6.34635	0.196125	0.195958	-0.00935842
6.35636	0.196022	0.195824	-0.0113086
6.36637	0.195899	0.195671	-0.0132576
6.37638	0.195756	0.195498	-0.0152054
6.38639	0.195594	0.195305	-0.0171516
6.3964	0.195413	0.195093	-0.0190962
6.40641	0.195212	0.194861	-0.0210389
6.41642	0.194992	0.194609	-0.0229795
6.42643	0.194752	0.194339	-0.0249179
6.43644	0.194493	0.194048	-0.0268538
6.44645	0.194214	0.193739	-0.028787
6.45646	0.193916	0.193409	-0.0307175
6.46647	0.193599	0.193061	-0.0326449
6.47648	0.193263	0.192693	-0.0345691
6.48649	0.192907	0.192306	-0.0364899
6.4965	0.192532	0.191899	-0.0384071
6.50651	0.192138	0.191474	-0.0403206
6.51652	0.191725	0.191029	-0.0422301
6.52653	0.191293	0.190565	-0.0441354
6.53654	0.190842	0.190082	-0.0460364
6.54655	0.190371	0.189579	-0.0479328
6.55656	0.189882	0.189058	-0.0498246
6.56657	0.189374	0.188518	-0.0517114
6.57658	0.188847	0.187959	-0.0535932
6.58659	0.188301	0.187381	-0.0554696
6.5966	0.187736	0.186785	-0.0573406
6.60661	0.187153	0.18617	-0.059206
6.61662	0.186551	0.185536	-0.0610656
6.62663	0.18593	0.184883	-0.0629191
6.63664	0.185291	0.184212	-0.0647664
6.64665	0.184634	0.183522	-0.0666074
6.65666	0.183958	0.182814	-0.0684418
6.66667	0.183264	0.182088	-0.0702694
6.67668	0.182551	0.181344	-0.0720901
6.68669	0.18182	0.180581	-0.0739038
6.6967	0.181072	0.1798	-0.0757101
6.70671	0.180305	0.179002	-0.077509
6.71672	0.17952	0.178185	-0.0793002
6.72673	0.178717	0.17735	-0.0810836
6.73674	0.177897	0.176498	-0.0828591
6.74675	0.177058	0.175628	-0.0846263
6.75676	0.176202	0.17474	-0.0863852
6.76677	0.175329	0.173835	-0.0881356
6.77678	0.174438	0.172913	-0.0898773
6.78679	0.17353	0.171973	-0.0916101
6.7968	0.172604	0.171016	-0.0933339
6.80681	0.171661	0.170041	-0.0950485
6.81682	0.170701	0.16905	-0.0967536
6.82683	0.169724	0.168042	-0.0984493
6.83684	0.16873	0.167017	-0.100135
6.84685	0.167719	0.165975	-0.101811
6.85686	0.166692	0.164917	-0.103477
6.86687	0.165648	0.163842	-0.105133
6.87688	0.164587	0.16275	-0.106778
6.88689	0.16351	0.161643	-0.108413
6.8969	0.162417	0.160519	-0.110037
6.90691	0.161307	0.159379	-0.11165
6.91692	0.160182	0.158223	-0.113252
6.92693	0.15904	0.157051	-0.114843
6.93694	0.157882	0.155864	-0.116423
6.94695	0.156709	0.154661	-0.117991
6.95696	0.15552	0.153442	-0.119547
6.96697	0.154316	0.152208	-0.121092
6.97698	0.153096	0.150959	-0.122624
6.98699	0.151861	0.149694	-0.124145
6.997	0.150611	0.148415	-0.125653
7.00701	0.149345	0.147121	-0.127149
7.01702	0.148065	0.145812	-0.128632
7.02703	0.14677	0.144488	-0.130102
7.03704	0.145461	0.14315	-0.13156
7.04705	0.144137	0.141798	-0.133004
7.05706	0.142798	0.140431	-0.134435
7.06707	0.141445	0.13905	-0.135853
7.07708	0.140078	0.137656	-0.137257
7.08709	0.138697	0.136247	-0.138648
7.0971	0.137303	0.134825	-0.140025
7.10711	0.135894	0.13339	-0.141388
7.11712	0.134472	0.131941	-0.142737
7.12713	0.133037	0.130479	-0.144072
7.13714	0.131588	0.129003	-0.145393
7.14715	0.130126	0.127515	-0.146699
7.15716	0.128651	0.126014	-0.147991
7.16717	0.127163	0.124501	-0.149267
7.17718	0.125663	0.122975	-0.150529
7.18719	0.12415	0.121436	-0.151777
7.1972	0.122624	0.119886	-0.153009
7.20721	0.121086	0.118323	-0.154225
7.21722	0.119537	0.116749	-0.155427
7.22723	0.117975	0.115163	-0.156613
7.23724	0.116401	0.113565	-0.157783
7.24725	0.114816	0.111956	-0.158938
7.25726	0.113219	0.110336	-0.160077
7.26727	0.111611	0.108705	-0.1612
7.27728	0.109992	0.107062	-0.162306
7.28729	0.108362	0.105409	-0.163397
7.2973	0.106721	0.103746	-0.164472
7.30731	0.105069	0.102072	-0.16553
7.31732	0.103407	0.100388	-0.166571
7.32733	0.101735	0.0986939	-0.167596
7.33734	0.100052	0.0969898	-0.168604
7.34735	0.0983592	0.0952761	-0.169596
7.35736	0.0966566	0.0935528	-0.17057
7.36737	0.0949444	0.0918201	-0.171528
7.37738	0.0932227	0.0900782	-0.172468
7.38739	0.0914917	0.0883273	-0.173391
7.3974	0.0897515	0.0865675	-0.174297
7.40741	0.0880023	0.0847991	-0.175186
7.41742	0.0862443	0.0830222	-0.176057
7.42743	0.0844777	0.0812369	-0.17691
7.43744	0.0827026	0.0794435	-0.177746
7.44745	0.0809193	0.0776422	-0.178564
7.45746	0.0791278	0.075833	-0.179364
7.46747	0.0773285	0.0740163	-0.180146
7.47748	0.0755214	0.0721922	-0.180911
7.48749	0.0737067	0.0703608	-0.181657
7.4975	0.0718846	0.0685224	-0.182385
7.50751	0.0700554	0.0666771	-0.183095
7.51752	0.0682191	0.0648251	-0.183786
7.52753	0.0663761	0.0629666	-0.184459
7.53754	0.0645263	0.0611019	-0.185114
7.54755	0.0626701	0.059231	-0.18575
7.55756	0.0608077	0.0573541	-0.186368
7.56757	0.0589391	0.0554715	-0.186967
7.57758	0.0570646	0.0535834	-0.187547
7.58759	0.0551845	0.0516899	-0.188109
7.5976	0.0532988	0.0497912	-0.188651
7.60761	0.0514077	0.0478875	-0.189175
7.61762	0.0495115	0.045979	-0.18968
7.62763	0.0476104	0.0440659	-0.190166
7.63764	0.0457045	0.0421484	-0.190633
7.64765	0.043794	0.0402267	-0.191081
7.65766	0.0418791	0.038301	-0.191509
7.66767	0.03996	0.0363714	-0.191919
7.67768	0.0380369	0.0344381	-0.192309
7.68769	0.0361101	0.0325015	-0.19268
7.6977	0.0341795	0.0305615	-0.193032
7.70771	0.0322456	0.0286185	-0.193364
7.71772	0.0303085	0.0266726	-0.193677
7.72773	0.0283683	0.0247241	-0.193971
7.73774	0.0264252	0.0227731	-0.194245
7.74775	0.0244795	0.0208198	-0.1945
7.75776	0.0225314	0.0188644	-0.194735
7.76777	0.020581	0.0169071	-0.194951
7.77778	0.0186285	0.0149481	-0.195147
7.78779	0.0166742	0.0129876	-0.195324
7.7978	0.0147182	0.0110259	-0.195481
7.80781	0.0127607	0.00906299	-0.195619
7.81782	0.010802	0.0070992	-0.195736
7.82783	0.00884215	0.0051347	-0.195835
7.83784	0.00688143	0.00316969	-0.195913
7.84785	0.00492003	0.00120436	-0.195973
7.85786	0.00295813	-0.000761093	-0.196012
7.86787	0.000995929	-0.00272647	-0.196032
7.87788	-0.000966368	-0.00469157	-0.196032
7.88789	-0.00292857	-0.0066562	-0.196012
7.8979	-0.00489047	-0.00862017	-0.195973
7.90791	-0.00685189	-0.0105833	-0.195914
7.91792	-0.00881262	-0.0125453	-0.195836
7.92793	-0.0107725	-0.0145061	-0.195738
7.93794	-0.0127312	-0.0164654	-0.19562
7.94795	-0.0146887	-0.0184231	-0.195483
7.95796	-0.0166447	-0.0203789	-0.195326
7.96797	-0.0185991	-0.0223327	-0.19515
7.97798	-0.0205516	-0.0242843	-0.194954
7.98799	-0.022502	-0.0262334	-0.194739
7.998	-0.0244502	-0.0281799	-0.194504
8.00801	-0.0263959	-0.0301236	-0.194249
8.01802	-0.028339	-0.0320642	-0.193975
8.02803	-0.0302792	-0.0340017	-0.193682
8.03804	-0.0322165	-0.0359357	-0.193369
8.04805	-0.0341504	-0.0378661	-0.193037
8.05806	-0.036081	-0.0397928	-0.192686
8.06807	-0.0380079	-0.0417154	-0.192315
8.07808	-0.0399311	-0.0436339	-0.191925
8.08809	-0.0418502	-0.045548	-0.191516
8.0981	-0.0437652	-0.0474575	-0.191087
8.10811	-0.0456757	-0.0493623	-0.19064
8.11812	-0.0475817	-0.0512621	-0.190173
8.12813	-0.0494829	-0.0531568	-0.189688
8.13814	-0.0513792	-0.0550462	-0.189183
8.14815	-0.0532703	-0.05693	-0.188659
8.15816	-0.0551561	-0.0588082	-0.188117
8.16817	-0.0570364	-0.0606804	-0.187556
8.17818	-0.0589109	-0.0625466	-0.186976
8.18819	-0.0607796	-0.0644065	-0.186377
8.1982	-0.0626421	-0.06626	-0.18576
8.20821	-0.0644984	-0.0681068	-0.185124
8.21822	-0.0663482	-0.0699468	-0.184469
8.22823	-0.0681914	-0.0717798	-0.183797
8.23824	-0.0700278	-0.0736056	-0.183105
8.24825	-0.0718571	-0.075424	-0.182396
8.25826	-0.0736793	-0.0772348	-0.181668
8.26827	-0.0754941	-0.079038	-0.180922
8.27828	-0.0773013	-0.0808332	-0.180158
8.28829	-0.0791008	-0.0826203	-0.179376
8.2983	-0.0808923	-0.0843991	-0.178576
8.30831	-0.0826758	-0.0861694	-0.177758
8.31832	-0.084451	-0.0879312	-0.176923
8.32833	-0.0862178	-0.0896841	-0.17607
8.33834	-0.0879759	-0.091428	-0.175199
8.34835	-0.0897252	-0.0931628	-0.174311
8.35836	-0.0914655	-0.0948882	-0.173405
8.36837	-0.0931967	-0.0966042	-0.172482
8.37838	-0.0949186	-0.0983104	-0.171542
8.38839	-0.0966309	-0.100007	-0.170585
8.3984	-0.0983336	-0.101693	-0.169611
8.40841	-0.100026	-0.103369	-0.168619
8.41842	-0.101709	-0.105035	-0.167611
8.42843	-0.103382	-0.106691	-0.166587
8.43844	-0.105044	-0.108335	-0.165545
8.44845	-0.106696	-0.109969	-0.164488
8.45846	-0.108337	-0.111592	-0.163413
8.46847	-0.109968	-0.113203	-0.162323
8.47848	-0.111587	-0.114803	-0.161216
8.48849	-0.113195	-0.116392	-0.160094
8.4985	-0.114792	-0.117969	-0.158955
8.50851	-0.116377	-0.119534	-0.157801
8.51852	-0.117951	-0.121088	-0.15663
8.52853	-0.119513	-0.122629	-0.155445
8.53854	-0.121063	-0.124158	-0.154244
8.54855	-0.122601	-0.125674	-0.153027
8.55856	-0.124127	-0.127178	-0.151795
8.56857	-0.12564	-0.128669	-0.150548
8.57858	-0.127141	-0.130147	-0.149287
8.58859	-0.128629	-0.131612	-0.14801
8.5986	-0.130104	-0.133064	-0.146719
8.60861	-0.131566	-0.134503	-0.145413
8.61862	-0.133015	-0.135928	-0.144092
8.62863	-0.13445	-0.137339	-0.142758
8.63864	-0.135873	-0.138737	-0.141409
8.64865	-0.137281	-0.140121	-0.140046
8.65866	-0.138676	-0.141491	-0.138669
8.66867	-0.140058	-0.142846	-0.137278
8.67868	-0.141425	-0.144188	-0.135874
8.68869	-0.142778	-0.145515	-0.134457
8.6987	-0.144116	-0.146827	-0.133026
8.70871	-0.145441	-0.148124	-0.131581
8.71872	-0.146751	-0.149407	-0.130124
8.72873	-0.148046	-0.150675	-0.128654
8.73874	-0.149326	-0.151928	-0.127171
8.74875	-0.150592	-0.153165	-0.125676
8.75876	-0.151842	-0.154387	-0.124168
8.76877	-0.153078	-0.155594	-0.122647
8.77878	-0.154298	-0.156785	-0.121115
8.78879	-0.155502	-0.15796	-0.119571
8.7988	-0.156691	-0.15912	-0.118015
8.80881	-0.157865	-0.160263	-0.116447
8.81882	-0.159023	-0.161391	-0.114867
8.82883	-0.160165	-0.162502	-0.113276
8.83884	-0.16129	-0.163597	-0.111674
8.84885	-0.1624	-0.164676	-0.110061
8.85886	-0.163494	-0.165738	-0.108438
8.86887	-0.164571	-0.166783	-0.106803
8.87888	-0.165632	-0.167812	-0.105158
8.88889	-0.166676	-0.168824	-0.103502
8.8989	-0.167704	-0.169819	-0.101836
8.90891	-0.168715	-0.170797	-0.10016
8.91892	-0.169709	-0.171758	-0.0984747
8.92893	-0.170686	-0.172702	-0.0967793
8.93894	-0.171647	-0.173629	-0.0950742
8.94895	-0.17259	-0.174538	-0.0933598
8.95896	-0.173516	-0.175429	-0.0916362
8.96897	-0.174424	-0.176303	-0.0899035
8.97898	-0.175316	-0.17716	-0.0881619
8.98899	-0.176189	-0.177998	-0.0864117
8.999	-0.177046	-0.178819	-0.0846529
9.00901	-0.177884	-0.179622	-0.0828857
9.01902	-0.178705	-0.180407	-0.0811104
9.02903	-0.179508	-0.181173	-0.0793271
9.03904	-0.180293	-0.181922	-0.077536
9.04905	-0.18106	-0.182652	-0.0757373
9.05906	-0.181809	-0.183364	-0.073931
9.06907	-0.18254	-0.184058	-0.0721175
9.07908	-0.183253	-0.184733	-0.0702969
9.08909	-0.183948	-0.18539	-0.0684693
9.0991	-0.184624	-0.186028	-0.066635
9.10911	-0.185282	-0.186648	-0.0647942
9.11912	-0.185921	-0.187249	-0.062947
9.12913	-0.186542	-0.187831	-0.0610935
9.13914	-0.187144	-0.188394	-0.0592341
9.14915	-0.187728	-0.188938	-0.0573688
9.15916	-0.188292	-0.189464	-0.0554979
9.16917	-0.188839	-0.18997	-0.0536215
9.17918	-0.189366	-0.190457	-0.0517398
9.18919	-0.189874	-0.190926	-0.049853
9.1992	-0.190364	-0.191375	-0.0479614
9.20921	-0.190835	-0.191805	-0.046065
9.21922	-0.191286	-0.192216	-0.0441641
9.22923	-0.191719	-0.192607	-0.0422588
9.23924	-0.192132	-0.19298	-0.0403494
9.24925	-0.192527	-0.193333	-0.038436
9.25926	-0.192902	-0.193666	-0.0365188
9.26927	-0.193258	-0.19398	-0.0345981
9.27928	-0.193594	-0.194275	-0.0326739
9.28929	-0.193912	-0.19455	-0.0307465
9.2993	-0.19421	-0.194806	-0.0288161
9.30931	-0.194489	-0.195042	-0.0268829
9.31932	-0.194748	-0.195259	-0.024947
9.32933	-0.194988	-0.195456	-0.0230087
9.33934	-0.195209	-0.195633	-0.0210681
9.34935	-0.19541	-0.195791	-0.0191255
9.35936	-0.195592	-0.19593	-0.0171809
9.36937	-0.195754	-0.196048	-0.0152347
9.37938	-0.195897	-0.196147	-0.013287
9.38939	-0.19602	-0.196227	-0.0113379
9.3994	-0.196124	-0.196286	-0.0093878
9.40941	-0.196208	-0.196326	-0.00743674
9.41942	-0.196272	-0.196347	-0.00548494
9.42943	-0.196318	-0.196347	-0.0035326
9.43944	-0.196343	-0.196328	-0.00157992
9.44945	-0.196349	-0.19629	0.00037292
9.45946	-0.196336	-0.196231	0.00232572
9.46947	-0.196303	-0.196153	0.0042783
9.47948	-0.19625	-0.196056	0.00623045
9.48949	-0.196178	-0.195939	0.00818199
9.4995	-0.196086	-0.195802	0.0101327
9.50951	-0.195975	-0.195645	0.0120825
9.51952	-0.195844	-0.195469	0.014031
9.52953	-0.195694	-0.195273	0.0159782
9.53954	-0.195524	-0.195058	0.0179238
9.54955	-0.195335	-0.194823	0.0198676
9.55956	-0.195127	-0.194569	0.0218095
9.56957	-0.194899	-0.194295	0.0237493
9.57958	-0.194651	-0.194002	0.0256867
9.58959	-0.194384	-0.193689	0.0276216
9.5996	-0.194098	-0.193357	0.0295537
9.60961	-0.193793	-0.193005	0.031483
9.61962	-0.193468	-0.192634	0.0334092
9.62963	-0.193124	-0.192244	0.0353321
9.63964	-0.192761	-0.191835	0.0372515
9.64965	-0.192378	-0.191406	0.0391672
9.65966	-0.191977	-0.190958	0.0410791
9.66967	-0.191556	-0.190491	0.042987
9.67968	-0.191116	-0.190005	0.0448906
9.68969	-0.190657	-0.1895	0.0467898
9.6997	-0.190179	-0.188976	0.0486844
9.70971	-0.189682	-0.188433	0.0505742
9.71972	-0.189167	-0.187871	0.0524591
9.72973	-0.188632	-0.18729	0.0543387
9.73974	-0.188079	-0.186691	0.0562131
9.74975	-0.187507	-0.186073	0.0580819
9.75976	-0.186916	-0.185436	0.0599449
9.76977	-0.186307	-0.18478	0.0618021
9.77978	-0.185679	-0.184106	0.0636532
9.78979	-0.185032	-0.183414	0.065498
9.7998	-0.184368	-0.182703	0.0673364
9.80981	-0.183684	-0.181974	0.0691681
9.81982	-0.182983	-0.181227	0.0709931
9.82983	-0.182263	-0.180461	0.072811
9.83984	-0.181525	-0.179678	0.0746217
9.84985	-0.180769	-0.178876	0.0764251
9.85986	-0.179995	-0.178057	0.078221
9.86987	-0.179203	-0.177219	0.0800092
9.87988	-0.178393	-0.176364	0.0817894
9.88989	-0.177566	-0.175492	0.0835616
9.8999	-0.176721	-0.174601	0.0853256
9.90991	-0.175858	-0.173693	0.0870811
9.91992	-0.174977	-0.172768	0.0888281
9.92993	-0.174079	-0.171826	0.0905663
9.93994	-0.173164	-0.170866	0.0922955
9.94995	-0.172232	-0.169889	0.0940157
9.95996	-0.171282	-0.168895	0.0957265
9.96997	-0.170315	-0.167884	0.0974279
9.97998	-0.169332	-0.166857	0.0991197
9.98999	-0.168331	-0.165812	0.100802
10	-0.167314	-0.164751	0.102474
