0	-3	-3	1.5
0.015015	-2.97746	-2.97714	1.50229
0.03003	-2.95488	-2.95361	1.50491
0.045045	-2.93227	-2.92941	1.50786
0.0600601	-2.9096	-2.90455	1.51115
0.0750751	-2.88689	-2.87904	1.51476
0.0900901	-2.86411	-2.85288	1.51871
0.105105	-2.84128	-2.82608	1.52299
0.12012	-2.81837	-2.79864	1.5276
0.135135	-2.7954	-2.77056	1.53253
0.15015	-2.77235	-2.74187	1.53778
0.165165	-2.74922	-2.71255	1.54337
0.18018	-2.726	-2.68262	1.54927
0.195195	-2.70269	-2.65209	1.55549
0.21021	-2.67929	-2.62096	1.56203
0.225225	-2.65578	-2.58924	1.56888
0.24024	-2.63217	-2.55694	1.57605
0.255255	-2.60845	-2.52406	1.58353
0.27027	-2.58462	-2.49061	1.59131
0.285285	-2.56067	-2.4566	1.5994
0.3003	-2.53659	-2.42203	1.60779
0.315315	-2.51238	-2.38692	1.61648
0.33033	-2.48804	-2.35127	1.62546
0.345345	-2.46357	-2.31509	1.63473
0.36036	-2.43895	-2.27839	1.6443
0.375375	-2.41419	-2.24118	1.65414
0.39039	-2.38928	-2.20346	1.66426
0.405405	-2.36421	-2.16524	1.67466
0.42042	-2.33898	-2.12654	1.68532
0.435435	-2.3136	-2.08735	1.69625
0.45045	-2.28804	-2.0477	1.70744
0.465465	-2.26232	-2.00758	1.71888
0.48048	-2.23643	-1.96701	1.73057
0.495495	-2.21035	-1.926	1.7425
0.510511	-2.1841	-1.88455	1.75466
0.525526	-2.15766	-1.84268	1.76706
0.540541	-2.13103	-1.80039	1.77967
0.555556	-2.10421	-1.7577	1.79249
0.570571	-2.0772	-1.71461	1.80552
0.585586	-2.04999	-1.67113	1.81875
0.600601	-2.02258	-1.62728	1.83217
0.615616	-1.99497	-1.58306	1.84576
0.630631	-1.96715	-1.53849	1.85953
0.645646	-1.93913	-1.49356	1.87346
0.660661	-1.91089	-1.4483	1.88755
0.675676	-1.88244	-1.40272	1.90177
0.690691	-1.85378	-1.35681	1.91613
0.705706	-1.8249	-1.31061	1.9306
0.720721	-1.79581	-1.2641	1.94519
0.735736	-1.76649	-1.21731	1.95987
0.750751	-1.73695	-1.17025	1.97464
0.765766	-1.70719	-1.12292	1.98948
0.780781	-1.67721	-1.07534	2.00439
0.795796	-1.647	-1.02752	2.01934
0.810811	-1.61656	-0.979464	2.03433
0.825826	-1.58591	-0.931189	2.04933
0.840841	-1.55502	-0.882703	2.06435
0.855856	-1.52391	-0.834019	2.07935
0.870871	-1.49258	-0.785147	2.09434
0.885886	-1.46102	-0.736097	2.10929
0.900901	-1.42924	-0.686882	2.12418
0.915916	-1.39723	-0.637512	2.13901
0.930931	-1.365	-0.587998	2.15376
0.945946	-1.33256	-0.538352	2.1684
0.960961	-1.29989	-0.488584	2.18293
0.975976	-1.267	-0.438706	2.19733
0.990991	-1.2339	-0.388729	2.21158
1.00601	-1.20059	-0.338665	2.22567
1.02102	-1.16707	-0.288524	2.23957
1.03604	-1.13334	-0.238318	2.25328
1.05105	-1.0994	-0.188059	2.26677
1.06607	-1.06527	-0.137757	2.28003
1.08108	-1.03093	-0.0874236	2.29304
1.0961	-0.996407	-0.0370709	2.30578
1.11111	-0.961692	0.0132902	2.31824
1.12613	-0.926792	0.0636483	2.33041
1.14114	-0.891711	0.113992	2.34225
1.15616	-0.856455	0.16431	2.35377
1.17117	-0.821029	0.214591	2.36494
1.18619	-0.785438	0.264824	2.37574
1.2012	-0.749688	0.314997	2.38617
1.21622	-0.713784	0.365099	2.3962
1.23123	-0.677732	0.415118	2.40582
1.24625	-0.641539	0.465044	2.41502
1.26126	-0.605211	0.514865	2.42379
1.27628	-0.568755	0.564571	2.4321
1.29129	-0.532177	0.614148	2.43996
1.30631	-0.495485	0.663588	2.44734
1.32132	-0.458686	0.712878	2.45423
1.33634	-0.421787	0.762007	2.46063
1.35135	-0.384795	0.810964	2.46652
1.36637	-0.34772	0.859738	2.4719
1.38138	-0.310567	0.908319	2.47675
1.3964	-0.273345	0.956695	2.48107
1.41141	-0.236063	1.00485	2.48486
1.42643	-0.198728	1.05279	2.4881
1.44144	-0.161348	1.10048	2.49078
1.45646	-0.123932	1.14793	2.49292
1.47147	-0.0864883	1.19512	2.4945
1.48649	-0.0490251	1.24204	2.49551
1.5015	-0.0115508	1.28868	2.49597
1.51652	0.025926	1.33503	2.49586
1.53153	0.0633971	1.38108	2.49519
1.54655	0.100854	1.42682	2.49396
1.56156	0.138288	1.47223	2.49217
1.57658	0.175691	1.51732	2.48982
1.59159	0.213054	1.56206	2.48692
1.60661	0.25037	1.60645	2.48347
1.62162	0.28763	1.65047	2.47948
1.63664	0.324827	1.69413	2.47495
1.65165	0.361951	1.7374	2.4699
1.66667	0.398995	1.78028	2.46432
1.68168	0.435952	1.82276	2.45824
1.6967	0.472813	1.86483	2.45165
1.71171	0.509572	1.90648	2.44456
1.72673	0.546221	1.9477	2.437
1.74174	0.582753	1.98848	2.42897
1.75676	0.619161	2.02881	2.42048
1.77177	0.655438	2.06868	2.41154
1.78679	0.691578	2.10809	2.40218
1.8018	0.727574	2.14702	2.3924
1.81682	0.763419	2.18547	2.38221
1.83183	0.799109	2.22343	2.37164
1.84685	0.834638	2.26088	2.36069
1.86186	0.869999	2.29783	2.34939
1.87688	0.905189	2.33425	2.33775
1.89189	0.9402	2.37015	2.32578
1.90691	0.97503	2.40552	2.3135
1.92192	1.00967	2.44034	2.30093
1.93694	1.04413	2.47462	2.28808
1.95195	1.07838	2.50833	2.27497
1.96697	1.11244	2.54148	2.26162
1.98198	1.1463	2.57406	2.24805
1.997	1.17995	2.60606	2.23426
2.01201	1.21339	2.63747	2.22029
2.02703	1.24662	2.66828	2.20614
2.04204	1.27964	2.69849	2.19183
2.05706	1.31244	2.7281	2.17737
2.07207	1.34503	2.75709	2.1628
2.08709	1.37739	2.78546	2.14811
2.1021	1.40954	2.8132	2.13333
2.11712	1.44146	2.8403	2.11848
2.13213	1.47315	2.86677	2.10356
2.14715	1.50463	2.89259	2.0886
2.16216	1.53587	2.91776	2.0736
2.17718	1.5669	2.94227	2.05859
2.19219	1.59769	2.96611	2.04357
2.20721	1.62826	2.98929	2.02857
2.22222	1.65861	3.01179	2.0136
2.23724	1.68873	3.03362	1.99866
2.25225	1.71863	3.05476	1.98378
2.26727	1.74831	3.07521	1.96897
2.28228	1.77776	3.09497	1.95423
2.2973	1.80699	3.11403	1.93958
2.31231	1.83601	3.13239	1.92504
2.32733	1.8648	3.15004	1.9106
2.34234	1.89338	3.16698	1.8963
2.35736	1.92175	3.18321	1.88213
2.37237	1.9499	3.19872	1.8681
2.38739	1.97785	3.21351	1.85423
2.4024	2.00559	3.22758	1.84053
2.41742	2.03312	3.24092	1.827
2.43243	2.06045	3.25352	1.81365
2.44745	2.08759	3.2654	1.8005
2.46246	2.11452	3.27653	1.78755
2.47748	2.14127	3.28693	1.7748
2.49249	2.16782	3.29659	1.76228
2.50751	2.19419	3.3055	1.74997
2.52252	2.22037	3.31367	1.7379
2.53754	2.24638	3.32109	1.72606
2.55255	2.27221	3.32777	1.71447
2.56757	2.29787	3.33369	1.70312
2.58258	2.32335	3.33886	1.69203
2.5976	2.34868	3.34328	1.6812
2.61261	2.37384	3.34695	1.67064
2.62763	2.39885	3.34986	1.66035
2.64264	2.4237	3.35201	1.65033
2.65766	2.44841	3.35341	1.64059
2.67267	2.47297	3.35406	1.63114
2.68769	2.4974	3.35394	1.62198
2.7027	2.52168	3.35307	1.61311
2.71772	2.54584	3.35145	1.60454
2.73273	2.56987	3.34907	1.59626
2.74775	2.59378	3.34593	1.58829
2.76276	2.61757	3.34204	1.58062
2.77778	2.64124	3.3374	1.57326
2.79279	2.66481	3.33201	1.56622
2.80781	2.68828	3.32586	1.55948
2.82282	2.71165	3.31896	1.55306
2.83784	2.73492	3.31132	1.54697
2.85285	2.7581	3.30293	1.54119
2.86787	2.7812	3.29379	1.53573
2.88288	2.80422	3.28391	1.5306
2.8979	2.82717	3.27329	1.52579
2.91291	2.85004	3.26194	1.52131
2.92793	2.87285	3.24985	1.51716
2.94294	2.89561	3.23702	1.51334
2.95796	2.9183	3.22347	1.50985
2.97297	2.94095	3.20918	1.50669
2.98799	2.96355	3.19418	1.50386
3.003	2.98611	3.17846	1.50137
3.01802	3.00864	3.16201	1.49921
3.03303	3.03113	3.14486	1.49739
3.04805	3.05361	3.127	1.4959
3.06306	3.07606	3.10843	1.49475
3.07808	3.09849	3.08916	1.49394
3.09309	3.12092	3.06919	1.49346
3.10811	3.14334	3.04854	1.49331
3.12312	3.16577	3.02719	1.49351
3.13814	3.1882	3.00516	1.49404
3.15315	3.21064	2.98246	1.49491
3.16817	3.23309	2.95908	1.49611
3.18318	3.25557	2.93504	1.49765
3.1982	3.27807	2.91033	1.49953
3.21321	3.3006	2.88497	1.50174
3.22823	3.32317	2.85896	1.50428
3.24324	3.34577	2.8323	1.50716
3.25826	3.36843	2.80501	1.51037
3.27327	3.39113	2.77708	1.51391
3.28829	3.41389	2.74852	1.51779
3.3033	3.43671	2.71935	1.52199
3.31832	3.4596	2.68956	1.52652
3.33333	3.48256	2.65917	1.53138
3.34835	3.50559	2.62818	1.53656
3.36336	3.5287	2.59659	1.54207
3.37838	3.5519	2.56442	1.5479
3.39339	3.57518	2.53167	1.55405
3.40841	3.59857	2.49835	1.56051
3.42342	3.62205	2.46447	1.5673
3.43844	3.64563	2.43003	1.57439
3.45345	3.66933	2.39505	1.5818
3.46847	3.69314	2.35952	1.58951
3.48348	3.71706	2.32346	1.59753
3.4985	3.74111	2.28688	1.60586
3.51351	3.76529	2.24978	1.61448
3.52853	3.7896	2.21218	1.62339
3.54354	3.81404	2.17408	1.6326
3.55856	3.83863	2.13548	1.6421
3.57357	3.86336	2.09641	1.65188
3.58859	3.88823	2.05686	1.66194
3.6036	3.91326	2.01685	1.67227
3.61862	3.93845	1.97638	1.68288
3.63363	3.9638	1.93547	1.69375
3.64865	3.98932	1.89413	1.70488
3.66366	4.015	1.85235	1.71626
3.67868	4.04086	1.81016	1.72789
3.69369	4.06689	1.76756	1.73977
3.70871	4.0931	1.72456	1.75188
3.72372	4.1195	1.68117	1.76422
3.73874	4.14609	1.6374	1.77678
3.75375	4.17286	1.59327	1.78956
3.76877	4.19983	1.54877	1.80254
3.78378	4.22699	1.50393	1.81573
3.7988	4.25435	1.45875	1.8291
3.81381	4.28192	1.41323	1.84266
3.82883	4.30969	1.3674	1.85639
3.84384	4.33767	1.32126	1.87028
3.85886	4.36586	1.27483	1.88433
3.87387	4.39426	1.2281	1.89852
3.88889	4.42287	1.1811	1.91285
3.9039	4.4517	1.13383	1.9273
3.91892	4.48075	1.08631	1.94186
3.93393	4.51001	1.03854	1.95653
3.94895	4.5395	0.99054	1.97128
3.96396	4.56921	0.942314	1.9861
3.97898	4.59914	0.893876	2.00099
3.99399	4.6293	0.845237	2.01594
4.00901	4.65968	0.796407	2.03092
4.02402	4.69029	0.747397	2.04592
4.03904	4.72112	0.698219	2.06093
4.05405	4.75218	0.648884	2.07594
4.06907	4.78346	0.599402	2.09094
4.08408	4.81497	0.549785	2.10589
4.0991	4.8467	0.500044	2.1208
4.11411	4.87866	0.450191	2.13565
4.12913	4.91084	0.400236	2.15041
4.14414	4.94323	0.35019	2.16508
4.15916	4.97585	0.300066	2.17964
4.17417	5.00869	0.249874	2.19407
4.18919	5.04174	0.199626	2.20836
4.2042	5.075	0.149333	2.22248
4.21922	5.10848	0.0990059	2.23643
4.23423	5.14216	0.0486567	2.25018
4.24925	5.17605	-0.00170347	2.26372
4.26426	5.21014	-0.0520633	2.27704
4.27928	5.24443	-0.102411	2.2901
4.29429	5.27891	-0.152736	2.30291
4.30931	5.31359	-0.203027	2.31544
4.32432	5.34844	-0.253272	2.32767
4.33934	5.38348	-0.303459	2.33959
4.35435	5.4187	-0.353579	2.35118
4.36937	5.45409	-0.403618	2.36243
4.38438	5.48964	-0.453567	2.37332
4.3994	5.52536	-0.503413	2.38383
4.41441	5.56123	-0.553146	2.39395
4.42943	5.59725	-0.602754	2.40367
4.44444	5.63341	-0.652226	2.41297
4.45946	5.66971	-0.701551	2.42183
4.47447	5.70613	-0.750718	2.43025
4.48949	5.74268	-0.799716	2.43821
4.5045	5.77935	-0.848533	2.4457
4.51952	5.81613	-0.89716	2.45271
4.53453	5.853	-0.945583	2.45922
4.54955	5.88997	-0.993794	2.46523
4.56456	5.92703	-1.04178	2.47072
4.57958	5.96417	-1.08953	2.4757
4.59459	6.00137	-1.13704	2.48014
4.60961	6.03864	-1.18429	2.48405
4.62462	6.07597	-1.23127	2.48741
4.63964	6.11334	-1.27798	2.49022
4.65465	6.15075	-1.32439	2.49248
4.66967	6.18818	-1.37051	2.49419
4.68468	6.22564	-1.41632	2.49533
4.6997	6.26312	-1.46181	2.49591
4.71471	6.30059	-1.50697	2.49593
4.72973	6.33807	-1.55179	2.49539
4.74474	6.37553	-1.59627	2.49429
4.75976	6.41297	-1.64038	2.49262
4.77477	6.45038	-1.68412	2.4904
4.78979	6.48775	-1.72748	2.48763
4.8048	6.52508	-1.77045	2.4843
4.81982	6.56235	-1.81303	2.48043
4.83483	6.59956	-1.85519	2.47603
4.84985	6.6367	-1.89694	2.47109
4.86486	6.67377	-1.93825	2.46564
4.87988	6.71074	-1.97914	2.45966
4.89489	6.74763	-2.01957	2.45319
4.90991	6.78441	-2.05955	2.44622
4.92492	6.82109	-2.09907	2.43876
4.93994	6.85764	-2.13811	2.43083
4.95495	6.89408	-2.17667	2.42245
4.96997	6.93039	-2.21474	2.41361
4.98498	6.96656	-2.25231	2.40435
5	7.00259	-2.28937	2.39466
5.01502	7.03847	-2.32592	2.38456
5.03003	7.0742	-2.36194	2.37408
5.04505	7.10976	-2.39743	2.36321
5.06006	7.14516	-2.43238	2.35199
5.07508	7.18039	-2.46678	2.34042
5.09009	7.21544	-2.50063	2.32853
5.10511	7.25031	-2.53391	2.31632
5.12012	7.285	-2.56662	2.30381
5.13514	7.3195	-2.59875	2.29102
5.15015	7.3538	-2.63029	2.27797
5.16517	7.3879	-2.66125	2.26468
5.18018	7.42181	-2.6916	2.25115
5.1952	7.4555	-2.72134	2.23741
5.21021	7.48899	-2.75047	2.22348
5.22523	7.52227	-2.77899	2.20937
5.24024	7.55534	-2.80687	2.19509
5.25526	7.58819	-2.83412	2.18067
5.27027	7.62083	-2.86074	2.16612
5.28529	7.65324	-2.88671	2.15146
5.3003	7.68543	-2.91202	2.1367
5.31532	7.7174	-2.93669	2.12186
5.33033	7.74915	-2.96068	2.10695
5.34535	7.78068	-2.98402	2.092
5.36036	7.81198	-3.00668	2.07701
5.37538	7.84305	-3.02866	2.062
5.39039	7.8739	-3.04995	2.04699
5.40541	7.90452	-3.07057	2.03198
5.42042	7.93492	-3.09048	2.017
5.43544	7.96509	-3.10971	2.00205
5.45045	7.99504	-3.12823	1.98716
5.46547	8.02477	-3.14604	1.97233
5.48048	8.05427	-3.16315	1.95757
5.4955	8.08355	-3.17954	1.9429
5.51051	8.11262	-3.19522	1.92833
5.52553	8.14146	-3.21017	1.91387
5.54054	8.17009	-3.22441	1.89954
5.55556	8.1985	-3.23791	1.88534
5.57057	8.22671	-3.25069	1.87128
5.58559	8.2547	-3.26273	1.85737
5.6006	8.28248	-3.27404	1.84363
5.61562	8.31006	-3.2846	1.83006
5.63063	8.33744	-3.29443	1.81667
5.64565	8.36462	-3.30352	1.80347
5.66066	8.3916	-3.31186	1.79047
5.67568	8.41839	-3.31945	1.77768
5.69069	8.44499	-3.3263	1.7651
5.70571	8.4714	-3.33239	1.75275
5.72072	8.49762	-3.33774	1.74062
5.73574	8.52367	-3.34233	1.72873
5.75075	8.54954	-3.34617	1.71708
5.76577	8.57523	-3.34925	1.70568
5.78078	8.60076	-3.35158	1.69453
5.7958	8.62612	-3.35316	1.68364
5.81081	8.65132	-3.35397	1.67302
5.82583	8.67636	-3.35404	1.66266
5.84084	8.70125	-3.35334	1.65258
5.85586	8.72599	-3.35189	1.64278
5.87087	8.75059	-3.34968	1.63327
5.88589	8.77504	-3.34672	1.62404
5.9009	8.79936	-3.34301	1.6151
5.91592	8.82354	-3.33854	1.60646
5.93093	8.8476	-3.33331	1.59811
5.94595	8.87154	-3.32734	1.59007
5.96096	8.89535	-3.32062	1.58234
5.97598	8.91906	-3.31314	1.57491
5.99099	8.94265	-3.30492	1.56779
6.00601	8.96614	-3.29596	1.56098
6.02102	8.98953	-3.28625	1.5545
6.03604	9.01282	-3.2758	1.54832
6.05105	9.03603	-3.26462	1.54247
6.06607	9.05914	-3.25269	1.53694
6.08108	9.08218	-3.24004	1.53174
6.0961	9.10514	-3.22665	1.52685
6.11111	9.12803	-3.21253	1.5223
6.12613	9.15086	-3.1977	1.51807
6.14114	9.17362	-3.18214	1.51418
6.15616	9.19633	-3.16586	1.51061
6.17117	9.21899	-3.14887	1.50738
6.18619	9.2416	-3.13117	1.50448
6.2012	9.26417	-3.11276	1.50191
6.21622	9.2867	-3.09365	1.49967
6.23123	9.30921	-3.07385	1.49777
6.24625	9.33168	-3.05335	1.49621
6.26126	9.35414	-3.03216	1.49498
6.27628	9.37658	-3.01029	1.49409
6.29129	9.39901	-2.98774	1.49354
6.30631	9.42143	-2.96452	1.49332
6.32132	9.44386	-2.94063	1.49344
6.33634	9.46628	-2.91607	1.49389
6.35135	9.48872	-2.89086	1.49468
6.36637	9.51117	-2.865	1.49581
6.38138	9.53364	-2.83849	1.49727
6.3964	9.55613	-2.81134	1.49907
6.41141	9.57866	-2.78356	1.50121
6.42643	9.60122	-2.75515	1.50367
6.44144	9.62382	-2.72612	1.50648
6.45646	9.64646	-2.69647	1.50961
6.47147	9.66915	-2.66622	1.51308
6.48649	9.6919	-2.63536	1.51688
6.5015	9.7147	-2.60391	1.521
6.51652	9.73758	-2.57188	1.52546
6.53153	9.76052	-2.53926	1.53025
6.54655	9.78353	-2.50607	1.53535
6.56156	9.80662	-2.47232	1.54079
6.57658	9.8298	-2.43801	1.54654
6.59159	9.85307	-2.40314	1.55262
6.60661	9.87643	-2.36774	1.55902
6.62162	9.89989	-2.33181	1.56573
6.63664	9.92345	-2.29534	1.57275
6.65165	9.94712	-2.25836	1.58009
6.66667	9.9709	-2.22088	1.58773
6.68168	9.9948	-2.18289	1.59568
6.6967	10.0188	-2.14441	1.60394
6.71171	10.043	-2.10544	1.61249
6.72673	10.0672	-2.066	1.62134
6.74174	10.0917	-2.0261	1.63048
6.75676	10.1162	-1.98573	1.63991
6.77177	10.1409	-1.94492	1.64963
6.78679	10.1658	-1.90368	1.65963
6.8018	10.1907	-1.862	1.6699
6.81682	10.2159	-1.8199	1.68044
6.83183	10.2412	-1.77739	1.69125
6.84685	10.2667	-1.73449	1.70232
6.86186	10.2923	-1.69119	1.71365
6.87688	10.3182	-1.64751	1.72523
6.89189	10.3441	-1.60345	1.73705
6.90691	10.3703	-1.55904	1.74911
6.92192	10.3967	-1.51428	1.76139
6.93694	10.4232	-1.46917	1.77391
6.95195	10.4499	-1.42373	1.78664
6.96697	10.4769	-1.37797	1.79957
6.98198	10.504	-1.33191	1.81271
6.997	10.5313	-1.28554	1.82604
7.01201	10.5588	-1.23888	1.83956
7.02703	10.5865	-1.19194	1.85325
7.04204	10.6145	-1.14473	1.86711
7.05706	10.6426	-1.09727	1.88113
7.07207	10.671	-1.04955	1.89529
7.08709	10.6995	-1.0016	1.90958
7.1021	10.7283	-0.953429	1.92401
7.11712	10.7573	-0.905039	1.93854
7.13213	10.7865	-0.856445	1.95318
7.14715	10.816	-0.807658	1.96792
7.16216	10.8456	-0.758688	1.98273
7.17718	10.8755	-0.709548	1.9976
7.19219	10.9056	-0.660248	2.01254
7.20721	10.9359	-0.610799	2.02751
7.22222	10.9665	-0.561212	2.04251
7.23724	10.9973	-0.511499	2.05752
7.25225	11.0283	-0.46167	2.07253
7.26727	11.0595	-0.411737	2.08753
7.28228	11.091	-0.361712	2.1025
7.2973	11.1227	-0.311605	2.11742
7.31231	11.1546	-0.261427	2.13228
7.32733	11.1867	-0.211191	2.14707
7.34234	11.219	-0.160907	2.16176
7.35736	11.2516	-0.110587	2.17634
7.37237	11.2844	-0.060242	2.1908
7.38739	11.3174	-0.00988331	2.20512
7.4024	11.3506	0.0404776	2.21929
7.41742	11.384	0.0908294	2.23328
7.43243	11.4177	0.141161	2.24707
7.44745	11.4515	0.19146	2.26066
7.46246	11.4856	0.241716	2.27403
7.47748	11.5198	0.291918	2.28716
7.49249	11.5542	0.342054	2.30002
7.50751	11.5889	0.392113	2.31261
7.52252	11.6237	0.442084	2.32491
7.53754	11.6587	0.491954	2.33691
7.55255	11.6939	0.541714	2.34857
7.56757	11.7292	0.591352	2.3599
7.58258	11.7647	0.640857	2.37087
7.5976	11.8004	0.690217	2.38147
7.61261	11.8362	0.739421	2.39169
7.62763	11.8722	0.788459	2.4015
7.64264	11.9084	0.837319	2.41089
7.65766	11.9446	0.88599	2.41986
7.67267	11.981	0.934461	2.42838
7.68769	12.0175	0.982722	2.43645
7.7027	12.0542	1.03076	2.44404
7.71772	12.0909	1.07857	2.45116
7.73273	12.1278	1.12613	2.45778
7.74775	12.1647	1.17344	2.46391
7.76276	12.2018	1.22049	2.46952
7.77778	12.2389	1.26726	2.47461
7.79279	12.2761	1.31374	2.47918
7.80781	12.3134	1.35993	2.4832
7.82282	12.3507	1.40581	2.48669
7.83784	12.388	1.45138	2.48963
7.85285	12.4254	1.49661	2.49202
7.86787	12.4629	1.54151	2.49385
7.88288	12.5003	1.58607	2.49512
7.8979	12.5378	1.63026	2.49583
7.91291	12.5753	1.67409	2.49598
7.92793	12.6127	1.71754	2.49556
7.94294	12.6502	1.7606	2.49459
7.95796	12.6876	1.80327	2.49305
7.97297	12.7251	1.84553	2.49095
7.98799	12.7624	1.88737	2.48831
8.003	12.7998	1.92879	2.48511
8.01802	12.8371	1.96977	2.48136
8.03303	12.8743	2.01031	2.47708
8.04805	12.9115	2.05039	2.47226
8.06306	12.9485	2.09002	2.46692
8.07808	12.9855	2.12917	2.46107
8.09309	13.0224	2.16784	2.4547
8.10811	13.0592	2.20603	2.44784
8.12312	13.0959	2.24371	2.4405
8.13814	13.1325	2.28089	2.43268
8.15315	13.169	2.31756	2.42439
8.16817	13.2053	2.3537	2.41566
8.18318	13.2415	2.38931	2.40649
8.1982	13.2776	2.42439	2.3969
8.21321	13.3135	2.45892	2.38689
8.22823	13.3493	2.49289	2.37649
8.24324	13.3849	2.5263	2.36572
8.25826	13.4203	2.55914	2.35457
8.27327	13.4556	2.59141	2.34308
8.28829	13.4907	2.62309	2.33126
8.3033	13.5256	2.65418	2.31912
8.31832	13.5603	2.68467	2.30668
8.33333	13.5949	2.71455	2.29395
8.34835	13.6292	2.74383	2.28096
8.36336	13.6634	2.77248	2.26772
8.37838	13.6973	2.80051	2.25424
8.39339	13.731	2.82791	2.24055
8.40841	13.7646	2.85467	2.22666
8.42342	13.7979	2.88079	2.21259
8.43844	13.831	2.90626	2.19835
8.45345	13.8639	2.93107	2.18396
8.46847	13.8966	2.95522	2.16944
8.48348	13.9291	2.97871	2.1548
8.4985	13.9613	3.00152	2.14006
8.51351	13.9933	3.02366	2.12524
8.52853	14.0251	3.04512	2.11035
8.54354	14.0567	3.06588	2.0954
8.55856	14.0881	3.08596	2.08042
8.57357	14.1192	3.10535	2.06541
8.58859	14.1501	3.12403	2.0504
8.6036	14.1808	3.14201	2.03539
8.61862	14.2112	3.15928	2.0204
8.63363	14.2414	3.17583	2.00545
8.64865	14.2714	3.19167	1.99054
8.66366	14.3012	3.2068	1.97569
8.67868	14.3308	3.2212	1.96092
8.69369	14.3601	3.23487	1.94623
8.70871	14.3892	3.24781	1.93163
8.72372	14.4181	3.26002	1.91715
8.73874	14.4468	3.2715	1.90279
8.75375	14.4752	3.28224	1.88855
8.76877	14.5035	3.29224	1.87446
8.78378	14.5315	3.30149	1.86052
8.7988	14.5594	3.31001	1.84674
8.81381	14.587	3.31777	1.83313
8.82883	14.6144	3.32479	1.8197
8.84384	14.6416	3.33106	1.80646
8.85886	14.6687	3.33658	1.79341
8.87387	14.6955	3.34134	1.78057
8.88889	14.7221	3.34535	1.76794
8.9039	14.7486	3.34861	1.75554
8.91892	14.7749	3.35111	1.74336
8.93393	14.8009	3.35286	1.73141
8.94895	14.8269	3.35385	1.71971
8.96396	14.8526	3.35409	1.70825
8.97898	14.8782	3.35357	1.69704
8.99399	14.9036	3.35229	1.68609
9.00901	14.9288	3.35026	1.67541
9.02402	14.9539	3.34747	1.66499
9.03904	14.9788	3.34393	1.65485
9.05405	15.0036	3.33963	1.64499
9.06907	15.0282	3.33458	1.6354
9.08408	15.0527	3.32878	1.62611
9.0991	15.077	3.32223	1.61711
9.11411	15.1012	3.31493	1.6084
9.12913	15.1253	3.30688	1.59999
9.14414	15.1493	3.29809	1.59187
9.15916	15.1731	3.28855	1.58407
9.17417	15.1969	3.27827	1.57657
9.18919	15.2205	3.26725	1.56938
9.2042	15.244	3.2555	1.5625
9.21922	15.2674	3.24301	1.55594
9.23423	15.2907	3.22979	1.5497
9.24925	15.3139	3.21585	1.54377
9.26426	15.3371	3.20117	1.53817
9.27928	15.3601	3.18578	1.53289
9.29429	15.3831	3.16967	1.52794
9.30931	15.406	3.15284	1.52331
9.32432	15.4289	3.1353	1.51901
9.33934	15.4516	3.11706	1.51503
9.35435	15.4744	3.09811	1.51139
9.36937	15.497	3.07847	1.50808
9.38438	15.5196	3.05813	1.50511
9.3994	15.5422	3.0371	1.50246
9.41441	15.5648	3.01538	1.50015
9.42943	15.5873	2.99299	1.49818
9.44444	15.6098	2.96992	1.49654
9.45946	15.6322	2.94618	1.49523
9.47447	15.6547	2.92178	1.49426
9.48949	15.6771	2.89672	1.49363
9.5045	15.6995	2.87101	1.49334
9.51952	15.7219	2.84465	1.49338
9.53453	15.7444	2.81764	1.49376
9.54955	15.7668	2.79001	1.49447
9.56456	15.7892	2.76174	1.49552
9.57958	15.8117	2.73285	1.49691
9.59459	15.8342	2.70334	1.49863
9.60961	15.8567	2.67323	1.50069
9.62462	15.8793	2.64251	1.50308
9.63964	15.9019	2.6112	1.50581
9.65465	15.9245	2.5793	1.50887
9.66967	15.9472	2.54681	1.51226
9.68468	15.9699	2.51376	1.51598
9.6997	15.9927	2.48013	1.52004
9.71471	16.0156	2.44595	1.52442
9.72973	16.0385	2.41121	1.52913
9.74474	16.0615	2.37594	1.53416
9.75976	16.0846	2.34012	1.53952
9.77477	16.1077	2.30378	1.54521
9.78979	16.131	2.26692	1.55121
9.8048	16.1543	2.22955	1.55753
9.81982	16.1777	2.19167	1.56417
9.83483	16.2013	2.1533	1.57113
9.84985	16.2249	2.11445	1.57839
9.86486	16.2487	2.07512	1.58597
9.87988	16.2725	2.03532	1.59385
9.89489	16.2965	1.99506	1.60203
9.90991	16.3207	1.95435	1.61052
9.92492	16.3449	1.9132	1.6193
9.93994	16.3693	1.87163	1.62838
9.95495	16.3938	1.82962	1.63774
9.96997	16.4185	1.78721	1.6474
9.98498	16.4433	1.74439	1.65733
10	16.4682	1.70118	1.66754
10.015	16.4934	1.65759	1.67802
10.03	16.5186	1.61362	1.68877
10.045	16.5441	1.56929	1.69978
10.0601	16.5697	1.52461	1.71105
10.0751	16.5955	1.47958	1.72257
10.0901	16.6214	1.43422	1.73434
10.1051	16.6475	1.38853	1.74634
10.1201	16.6738	1.34253	1.75858
10.1351	16.7003	1.29623	1.77104
10.1502	16.727	1.24964	1.78372
10.1652	16.7539	1.20276	1.79661
10.1802	16.781	1.15562	1.80971
10.1952	16.8083	1.10821	1.823
10.2102	16.8357	1.06055	1.83647
10.2252	16.8634	1.01266	1.85013
10.2402	16.8913	0.964532	1.86395
10.2553	16.9194	0.91619	1.87793
10.2703	16.9477	0.867642	1.89205
10.2853	16.9762	0.818899	1.90632
10.3003	17.0049	0.76997	1.92072
10.3153	17.0339	0.720868	1.93523
10.3303	17.0631	0.671604	1.94985
10.3453	17.0924	0.622188	1.96456
10.3604	17.122	0.572632	1.97935
10.3754	17.1519	0.522947	1.99422
10.3904	17.1819	0.473144	2.00914
10.4054	17.2122	0.423234	2.0241
10.4204	17.2427	0.373229	2.0391
10.4354	17.2734	0.323139	2.05411
10.4505	17.3044	0.272977	2.06912
10.4655	17.3356	0.222754	2.08412
10.4805	17.367	0.17248	2.0991
10.4955	17.3986	0.122167	2.11403
10.5105	17.4305	0.0718265	2.12891
10.5255	17.4625	0.02147	2.14371
10.5405	17.4948	-0.0288914	2.15843
10.5556	17.5274	-0.0792463	2.17304
10.5706	17.5601	-0.129583	2.18753
10.5856	17.5931	-0.179891	2.20188
10.6006	17.6262	-0.230158	2.21608
10.6156	17.6596	-0.280374	2.23011
10.6306	17.6932	-0.330526	2.24395
10.6456	17.727	-0.380603	2.25759
10.6607	17.761	-0.430595	2.27101
10.6757	17.7952	-0.48049	2.28419
10.6907	17.8296	-0.530276	2.29712
10.7057	17.8642	-0.579943	2.30978
10.7207	17.8989	-0.629479	2.32214
10.7357	17.9339	-0.678874	2.33421
10.7508	17.969	-0.728115	2.34595
10.7658	18.0043	-0.777192	2.35736
10.7808	18.0398	-0.826094	2.36841
10.7958	18.0755	-0.874809	2.3791
10.8108	18.1113	-0.923327	2.3894
10.8258	18.1472	-0.971638	2.3993
10.8408	18.1833	-1.01973	2.40879
10.8559	18.2196	-1.06759	2.41786
10.8709	18.2559	-1.11521	2.42648
10.8859	18.2924	-1.16258	2.43465
10.9009	18.329	-1.20969	2.44236
10.9159	18.3658	-1.25652	2.44958
10.9309	18.4026	-1.30307	2.45632
10.9459	18.4395	-1.34933	2.46256
10.961	18.4765	-1.39528	2.46829
10.976	18.5136	-1.44092	2.4735
10.991	18.5508	-1.48623	2.47819
11.006	18.5881	-1.53121	2.48234
11.021	18.6254	-1.57585	2.48595
11.036	18.6627	-1.62012	2.48901
11.0511	18.7001	-1.66404	2.49152
11.0661	18.7375	-1.70757	2.49348
11.0811	18.775	-1.75073	2.49488
11.0961	18.8124	-1.79349	2.49572
11.1111	18.8499	-1.83584	2.49599
11.1261	18.8874	-1.87778	2.49571
11.1411	18.9249	-1.9193	2.49486
11.1562	18.9623	-1.96038	2.49345
11.1712	18.9997	-2.00102	2.49148
11.1862	19.0371	-2.04121	2.48896
11.2012	19.0745	-2.08094	2.48588
11.2162	19.1118	-2.1202	2.48226
11.2312	19.149	-2.15899	2.4781
11.2462	19.1862	-2.19728	2.4734
11.2613	19.2233	-2.23509	2.46818
11.2763	19.2603	-2.27238	2.46244
11.2913	19.2972	-2.30917	2.45619
11.3063	19.3341	-2.34543	2.44945
11.3213	19.3708	-2.38117	2.44221
11.3363	19.4074	-2.41637	2.4345
11.3514	19.4439	-2.45102	2.42632
11.3664	19.4803	-2.48512	2.41768
11.3814	19.5165	-2.51866	2.40861
11.3964	19.5526	-2.55164	2.39911
11.4114	19.5885	-2.58404	2.3892
11.4264	19.6243	-2.61585	2.37889
11.4414	19.66	-2.64708	2.3682
11.4565	19.6955	-2.67771	2.35714
11.4715	19.7308	-2.70773	2.34572
11.4865	19.7659	-2.73715	2.33397
11.5015	19.8009	-2.76594	2.3219
11.5165	19.8356	-2.79412	2.30953
11.5315	19.8702	-2.82166	2.29687
11.5465	19.9046	-2.84857	2.28394
11.5616	19.9388	-2.87484	2.27075
11.5766	19.9728	-2.90046	2.25733
11.5916	20.0066	-2.92542	2.24368
11.6066	20.0402	-2.94972	2.22984
11.6216	20.0735	-2.97336	2.2158
11.6366	20.1067	-2.99633	2.2016
11.6517	20.1397	-3.01863	2.18724
11.6667	20.1724	-3.04024	2.17275
11.6817	20.2049	-3.06117	2.15814
11.6967	20.2372	-3.08141	2.14342
11.7117	20.2693	-3.10095	2.12862
11.7267	20.3011	-3.11979	2.11374
11.7417	20.3327	-3.13793	2.0988
11.7568	20.3641	-3.15537	2.08383
11.7718	20.3953	-3.17209	2.06883
11.7868	20.4263	-3.18809	2.05381
11.8018	20.457	-3.20338	2.0388
11.8168	20.4875	-3.21795	2.02381
11.8318	20.5178	-3.23179	2.00884
11.8468	20.5478	-3.2449	1.99392
11.8619	20.5776	-3.25728	1.97906
11.8769	20.6073	-3.26892	1.96427
11.8919	20.6366	-3.27983	1.94956
11.9069	20.6658	-3.29	1.93494
11.9219	20.6947	-3.29943	1.92043
11.9369	20.7235	-3.30811	1.90604
11.952	20.752	-3.31605	1.89178
11.967	20.7803	-3.32324	1.87765
11.982	20.8084	-3.32968	1.86367
11.997	20.8362	-3.33537	1.84986
12.012	20.8639	-3.34031	1.83621
12.027	20.8914	-3.3445	1.82273
12.042	20.9187	-3.34793	1.80945
12.0571	20.9457	-3.35061	1.79636
12.0721	20.9726	-3.35253	1.78347
12.0871	20.9993	-3.35369	1.7708
12.1021	21.0258	-3.3541	1.75834
12.1171	21.0521	-3.35375	1.74611
12.1321	21.0782	-3.35265	1.73411
12.1471	21.1042	-3.35079	1.72234
12.1622	21.1299	-3.34818	1.71083
12.1772	21.1555	-3.34481	1.69957
12.1922	21.181	-3.34069	1.68856
12.2072	21.2063	-3.33581	1.67781
12.2222	21.2314	-3.33018	1.66734
12.2372	21.2563	-3.3238	1.65713
12.2523	21.2811	-3.31667	1.6472
12.2673	21.3058	-3.3088	1.63756
12.2823	21.3303	-3.30018	1.6282
12.2973	21.3547	-3.29081	1.61913
12.3123	21.3789	-3.2807	1.61035
12.3273	21.4031	-3.26985	1.60187
12.3423	21.427	-3.25827	1.59369
12.3574	21.4509	-3.24595	1.58582
12.3724	21.4747	-3.2329	1.57825
12.3874	21.4983	-3.21912	1.57099
12.4024	21.5218	-3.20461	1.56404
12.4174	21.5453	-3.18939	1.55741
12.4324	21.5686	-3.17344	1.55109
12.4474	21.5919	-3.15678	1.54509
12.4625	21.615	-3.1394	1.53942
12.4775	21.6381	-3.12132	1.53406
12.4925	21.6611	-3.10253	1.52903
12.5075	21.684	-3.08305	1.52433
12.5225	21.7069	-3.06287	1.51995
12.5375	21.7297	-3.042	1.51591
12.5526	21.7524	-3.02044	1.51219
12.5676	21.7751	-2.9982	1.50881
12.5826	21.7977	-2.97529	1.50575
12.5976	21.8203	-2.9517	1.50303
12.6126	21.8428	-2.92745	1.50065
12.6276	21.8654	-2.90255	1.4986
12.6426	21.8878	-2.87698	1.49688
12.6577	21.9103	-2.85077	1.4955
12.6727	21.9328	-2.82391	1.49445
12.6877	21.9552	-2.79642	1.49375
12.7027	21.9776	-2.7683	1.49337
12.7177	22	-2.73955	1.49334
12.7327	22.0225	-2.71019	1.49364
12.7477	22.0449	-2.68021	1.49428
12.7628	22.0673	-2.64963	1.49525
12.7778	22.0898	-2.61846	1.49657
12.7928	22.1123	-2.58669	1.49821
12.8078	22.1348	-2.55434	1.50019
12.8228	22.1573	-2.52141	1.50251
12.8378	22.1799	-2.48792	1.50516
12.8529	22.2025	-2.45386	1.50814
12.8679	22.2252	-2.41925	1.51146
12.8829	22.2479	-2.3841	1.51511
12.8979	22.2707	-2.34841	1.51909
12.9129	22.2935	-2.31219	1.52339
12.9279	22.3164	-2.27544	1.52803
12.9429	22.3394	-2.23819	1.53299
12.958	22.3625	-2.20043	1.53828
12.973	22.3856	-2.16217	1.54389
12.988	22.4088	-2.12343	1.54982
13.003	22.4322	-2.08421	1.55607
13.018	22.4556	-2.04452	1.56264
13.033	22.4791	-2.00436	1.56952
13.048	22.5027	-1.96376	1.57671
13.0631	22.5264	-1.92271	1.58422
13.0781	22.5503	-1.88123	1.59203
13.0931	22.5743	-1.83932	1.60015
13.1081	22.5983	-1.797	1.60857
13.1231	22.6226	-1.75428	1.61728
13.1381	22.6469	-1.71116	1.62629
13.1532	22.6714	-1.66765	1.63559
13.1682	22.696	-1.62377	1.64518
13.1832	22.7208	-1.57952	1.65505
13.1982	22.7457	-1.53492	1.66519
13.2132	22.7708	-1.48997	1.67562
13.2282	22.7961	-1.44468	1.68631
13.2432	22.8215	-1.39907	1.69726
13.2583	22.847	-1.35314	1.70847
13.2733	22.8728	-1.30691	1.71993
13.2883	22.8987	-1.26038	1.73164
13.3033	22.9248	-1.21357	1.74359
13.3183	22.951	-1.16649	1.75578
13.3333	22.9775	-1.11914	1.76819
13.3483	23.0041	-1.07154	1.78082
13.3634	23.031	-1.0237	1.79367
13.3784	23.058	-0.975623	1.80671
13.3934	23.0852	-0.927331	1.81996
13.4084	23.1127	-0.878829	1.83339
13.4234	23.1403	-0.83013	1.84701
13.4384	23.1681	-0.781243	1.86079
13.4535	23.1962	-0.73218	1.87474
13.4685	23.2244	-0.682952	1.88883
13.4835	23.2529	-0.63357	1.90307
13.4985	23.2816	-0.584045	1.91743
13.5135	23.3105	-0.534389	1.93192
13.5285	23.3396	-0.484612	1.94652
13.5435	23.3689	-0.434726	1.96121
13.5586	23.3985	-0.384741	1.97598
13.5736	23.4283	-0.33467	1.99083
13.5886	23.4583	-0.284524	2.00574
13.6036	23.4885	-0.234313	2.0207
13.6186	23.5189	-0.18405	2.03569
13.6336	23.5496	-0.133745	2.0507
13.6486	23.5805	-0.0834102	2.06571
13.6637	23.6117	-0.0330564	2.08072
13.6787	23.643	0.0173049	2.0957
13.6937	23.6746	0.0676623	2.11064
13.7087	23.7064	0.118004	2.12553
13.7237	23.7384	0.16832	2.14035
13.7387	23.7707	0.218597	2.15509
13.7538	23.8031	0.268826	2.16973
13.7688	23.8358	0.318993	2.18425
13.7838	23.8687	0.369089	2.19863
13.7988	23.9019	0.419102	2.21287
13.8138	23.9352	0.46902	2.22694
13.8288	23.9687	0.518832	2.24083
13.8438	24.0025	0.568528	2.25451
13.8589	24.0364	0.618095	2.26798
13.8739	24.0706	0.667523	2.28122
13.8889	24.1049	0.7168	2.29421
13.9039	24.1395	0.765916	2.30692
13.9189	24.1742	0.814859	2.31936
13.9339	24.2091	0.863618	2.33149
13.9489	24.2442	0.912183	2.34331
13.964	24.2795	0.960542	2.3548
13.979	24.3149	1.00868	2.36593
13.994	24.3505	1.0566	2.3767
14.009	24.3863	1.10428	2.38709
14.024	24.4222	1.1517	2.39709
14.039	24.4583	1.19887	2.40667
14.0541	24.4945	1.24577	2.41584
14.0691	24.5308	1.29239	2.42456
14.0841	24.5673	1.33871	2.43284
14.0991	24.6039	1.38474	2.44065
14.1141	24.6406	1.43045	2.44798
14.1291	24.6774	1.47584	2.45483
14.1441	24.7143	1.52089	2.46119
14.1592	24.7513	1.56561	2.46703
14.1742	24.7884	1.60997	2.47236
14.1892	24.8255	1.65397	2.47717
14.2042	24.8628	1.69759	2.48144
14.2192	24.9001	1.74083	2.48517
14.2342	24.9374	1.78368	2.48836
14.2492	24.9748	1.82613	2.491
14.2643	25.0122	1.86817	2.49309
14.2793	25.0497	1.90978	2.49461
14.2943	25.0871	1.95097	2.49558
14.3093	25.1246	1.99171	2.49598
14.3243	25.1621	2.03201	2.49582
14.3393	25.1995	2.07184	2.4951
14.3544	25.237	2.11121	2.49382
14.3694	25.2744	2.15011	2.49198
14.3844	25.3118	2.18852	2.48958
14.3994	25.3492	2.22643	2.48663
14.4144	25.3865	2.26385	2.48313
14.4294	25.4237	2.30075	2.47909
14.4444	25.4609	2.33714	2.47452
14.4595	25.4981	2.37299	2.46941
14.4745	25.5351	2.40832	2.46379
14.4895	25.572	2.4431	2.45766
14.5045	25.6089	2.47733	2.45102
14.5195	25.6456	2.511	2.4439
14.5345	25.6823	2.5441	2.43629
14.5495	25.7188	2.57663	2.42822
14.5646	25.7552	2.60858	2.41969
14.5796	25.7915	2.63995	2.41071
14.5946	25.8276	2.67071	2.40131
14.6096	25.8636	2.70088	2.39149
14.6246	25.8994	2.73043	2.38127
14.6396	25.9351	2.75937	2.37066
14.6547	25.9706	2.78769	2.35968
14.6697	26.0059	2.81538	2.34835
14.6847	26.0411	2.84244	2.33667
14.6997	26.0761	2.86885	2.32468
14.7147	26.1109	2.89462	2.31237
14.7297	26.1455	2.91973	2.29977
14.7447	26.18	2.94419	2.2869
14.7598	26.2142	2.96798	2.27377
14.7748	26.2483	2.99111	2.2604
14.7898	26.2821	3.01356	2.2468
14.8048	26.3157	3.03533	2.233
14.8198	26.3492	3.05641	2.21901
14.8348	26.3824	3.07681	2.20484
14.8498	26.4154	3.09651	2.19052
14.8649	26.4482	3.11552	2.17606
14.8799	26.4807	3.13382	2.16147
14.8949	26.5131	3.15142	2.14677
14.9099	26.5452	3.1683	2.13199
14.9249	26.5771	3.18447	2.11713
14.9399	26.6088	3.19993	2.1022
14.955	26.6402	3.21466	2.08724
14.97	26.6714	3.22867	2.07224
14.985	26.7024	3.24195	2.05723
15	26.7332	3.2545	2.04221
