0	0.19635	0.19635	0
0.015015	0.196328	0.196327	-0.00292918
0.03003	0.196262	0.196261	-0.0058577
0.045045	0.196152	0.19615	-0.00878494
0.0600601	0.195998	0.195996	-0.0117102
0.0750751	0.1958	0.195796	-0.0146329
0.0900901	0.195558	0.195553	-0.0175524
0.105105	0.195273	0.195266	-0.020468
0.12012	0.194944	0.194935	-0.023379
0.135135	0.194571	0.194559	-0.0262849
0.15015	0.194154	0.19414	-0.029185
0.165165	0.193694	0.193677	-0.0320786
0.18018	0.193191	0.193171	-0.0349651
0.195195	0.192645	0.192621	-0.0378439
0.21021	0.192055	0.192027	-0.0407143
0.225225	0.191422	0.191391	-0.0435757
0.24024	0.190746	0.190711	-0.0464275
0.255255	0.190028	0.189988	-0.0492689
0.27027	0.189267	0.189222	-0.0520995
0.285285	0.188463	0.188413	-0.0549186
0.3003	0.187618	0.187562	-0.0577254
0.315315	0.18673	0.186669	-0.0605195
0.33033	0.1858	0.185734	-0.0633002
0.345345	0.184829	0.184757	-0.0660668
0.36036	0.183816	0.183738	-0.0688189
0.375375	0.182762	0.182678	-0.0715556
0.39039	0.181668	0.181576	-0.0742765
0.405405	0.180532	0.180434	-0.0769809
0.42042	0.179356	0.179251	-0.0796683
0.435435	0.17814	0.178027	-0.082338
0.45045	0.176883	0.176764	-0.0849894
0.465465	0.175587	0.17546	-0.0876219
0.48048	0.174252	0.174117	-0.090235
0.495495	0.172878	0.172735	-0.0928281
0.510511	0.171465	0.171314	-0.0954005
0.525526	0.170013	0.169854	-0.0979518
0.540541	0.168523	0.168356	-0.100481
0.555556	0.166996	0.16682	-0.102988
0.570571	0.165431	0.165246	-0.105473
0.585586	0.163828	0.163635	-0.107934
0.600601	0.16219	0.161988	-0.11037
0.615616	0.160514	0.160303	-0.112783
0.630631	0.158803	0.158583	-0.11517
0.645646	0.157056	0.156827	-0.117531
0.660661	0.155273	0.155035	-0.119867
0.675676	0.153456	0.153209	-0.122175
0.690691	0.151605	0.151347	-0.124457
0.705706	0.149719	0.149452	-0.12671
0.720721	0.1478	0.147523	-0.128936
0.735736	0.145847	0.145561	-0.131132
0.750751	0.143862	0.143566	-0.1333
0.765766	0.141844	0.141539	-0.135438
0.780781	0.139795	0.13948	-0.137545
0.795796	0.137714	0.137389	-0.139622
0.810811	0.135602	0.135267	-0.141667
0.825826	0.13346	0.133115	-0.143681
0.840841	0.131288	0.130933	-0.145663
0.855856	0.129086	0.128721	-0.147612
0.870871	0.126855	0.126481	-0.149529
0.885886	0.124596	0.124211	-0.151412
0.900901	0.122308	0.121914	-0.15326
0.915916	0.119993	0.11959	-0.155075
0.930931	0.117652	0.117238	-0.156855
0.945946	0.115283	0.11486	-0.1586
0.960961	0.112889	0.112456	-0.160309
0.975976	0.110469	0.110026	-0.161983
0.990991	0.108025	0.107572	-0.16362
1.00601	0.105556	0.105094	-0.16522
1.02102	0.103063	0.102592	-0.166784
1.03604	0.100548	0.100067	-0.16831
1.05105	0.0980092	0.0975188	-0.169798
1.06607	0.0954488	0.094949	-0.171248
1.08108	0.0928668	0.0923578	-0.17266
1.0961	0.090264	0.0897458	-0.174033
1.11111	0.0876408	0.0871136	-0.175367
1.12613	0.0849979	0.0844618	-0.176661
1.14114	0.0823359	0.0817908	-0.177916
1.15616	0.0796553	0.0791015	-0.179131
1.17117	0.0769568	0.0763943	-0.180305
1.18619	0.0742409	0.0736699	-0.181439
1.2012	0.0715084	0.0709289	-0.182533
1.21622	0.0687597	0.0681719	-0.183585
1.23123	0.0659955	0.0653995	-0.184596
1.24625	0.0632165	0.0626124	-0.185565
1.26126	0.0604232	0.0598112	-0.186493
1.27628	0.0576163	0.0569965	-0.187379
1.29129	0.0547964	0.0541689	-0.188222
1.30631	0.0519642	0.0513291	-0.189023
1.32132	0.0491202	0.0484778	-0.189782
1.33634	0.0462652	0.0456155	-0.190498
1.35135	0.0433998	0.0427429	-0.191171
1.36637	0.0405246	0.0398607	-0.1918
1.38138	0.0376403	0.0369695	-0.192387
1.3964	0.0347474	0.03407	-0.19293
1.41141	0.0318468	0.0311628	-0.19343
1.42643	0.0289389	0.0282486	-0.193887
1.44144	0.0260246	0.025328	-0.194299
1.45646	0.0231043	0.0224017	-0.194668
1.47147	0.0201789	0.0194703	-0.194993
1.48649	0.0172489	0.0165346	-0.195274
1.5015	0.014315	0.0135951	-0.195511
1.51652	0.0113779	0.0106526	-0.195704
1.53153	0.00843826	0.00770764	-0.195853
1.54655	0.00549669	0.00476097	-0.195957
1.56156	0.00255388	0.00181322	-0.196018
1.57658	-0.000389505	-0.00113494	-0.196034
1.59159	-0.0033328	-0.00408285	-0.196006
1.60661	-0.00627535	-0.00702983	-0.195934
1.62162	-0.00921648	-0.00997523	-0.195818
1.63664	-0.0121555	-0.0129184	-0.195657
1.65165	-0.0150918	-0.0158586	-0.195452
1.66667	-0.0180248	-0.0187953	-0.195204
1.68168	-0.0209536	-0.0217277	-0.194911
1.6967	-0.0238777	-0.0246552	-0.194575
1.71171	-0.0267965	-0.0275772	-0.194194
1.72673	-0.0297092	-0.0304929	-0.19377
1.74174	-0.0326152	-0.0334018	-0.193302
1.75676	-0.0355138	-0.0363032	-0.192791
1.77177	-0.0384045	-0.0391963	-0.192236
1.78679	-0.0412865	-0.0420806	-0.191638
1.8018	-0.0441592	-0.0449555	-0.190997
1.81682	-0.0470219	-0.0478202	-0.190312
1.83183	-0.049874	-0.0506741	-0.189585
1.84685	-0.0527149	-0.0535166	-0.188815
1.86186	-0.0555439	-0.056347	-0.188003
1.87688	-0.0583604	-0.0591648	-0.187148
1.89189	-0.0611638	-0.0619692	-0.186251
1.90691	-0.0639534	-0.0647596	-0.185313
1.92192	-0.0667285	-0.0675354	-0.184332
1.93694	-0.0694887	-0.070296	-0.18331
1.95195	-0.0722331	-0.0730407	-0.182247
1.96697	-0.0749614	-0.075769	-0.181143
1.98198	-0.0776727	-0.0784802	-0.179998
1.997	-0.0803665	-0.0811737	-0.178813
2.01201	-0.0830422	-0.0838489	-0.177588
2.02703	-0.0856993	-0.0865052	-0.176322
2.04204	-0.088337	-0.089142	-0.175017
2.05706	-0.0909549	-0.0917587	-0.173673
2.07207	-0.0935522	-0.0943547	-0.17229
2.08709	-0.0961285	-0.0969295	-0.170868
2.1021	-0.0986832	-0.0994824	-0.169408
2.11712	-0.101216	-0.102013	-0.167909
2.13213	-0.103725	-0.10452	-0.166373
2.14715	-0.106212	-0.107004	-0.1648
2.16216	-0.108674	-0.109464	-0.16319
2.17718	-0.111112	-0.111899	-0.161543
2.19219	-0.113525	-0.114309	-0.15986
2.20721	-0.115913	-0.116693	-0.158142
2.22222	-0.118274	-0.119051	-0.156387
2.23724	-0.120609	-0.121382	-0.154598
2.25225	-0.122916	-0.123685	-0.152774
2.26727	-0.125196	-0.125961	-0.150916
2.28228	-0.127448	-0.128208	-0.149025
2.2973	-0.129671	-0.130427	-0.1471
2.31231	-0.131865	-0.132616	-0.145142
2.32733	-0.13403	-0.134775	-0.143151
2.34234	-0.136164	-0.136904	-0.141129
2.35736	-0.138268	-0.139001	-0.139075
2.37237	-0.14034	-0.141068	-0.13699
2.38739	-0.142381	-0.143103	-0.134875
2.4024	-0.144391	-0.145105	-0.132729
2.41742	-0.146367	-0.147075	-0.130554
2.43243	-0.148311	-0.149011	-0.12835
2.44745	-0.150221	-0.150914	-0.126117
2.46246	-0.152098	-0.152783	-0.123856
2.47748	-0.153941	-0.154618	-0.121567
2.49249	-0.155749	-0.156418	-0.119251
2.50751	-0.157522	-0.158182	-0.116909
2.52252	-0.159259	-0.159911	-0.11454
2.53754	-0.160961	-0.161603	-0.112147
2.55255	-0.162627	-0.16326	-0.109728
2.56757	-0.164256	-0.164879	-0.107285
2.58258	-0.165848	-0.166461	-0.104817
2.5976	-0.167404	-0.168006	-0.102327
2.61261	-0.168921	-0.169513	-0.099814
2.62763	-0.170401	-0.170982	-0.0972787
2.64264	-0.171842	-0.172412	-0.0947218
2.65766	-0.173245	-0.173803	-0.0921438
2.67267	-0.174609	-0.175155	-0.0895454
2.68769	-0.175934	-0.176468	-0.0869271
2.7027	-0.17722	-0.17774	-0.0842895
2.71772	-0.178465	-0.178973	-0.0816332
2.73273	-0.179671	-0.180165	-0.0789588
2.74775	-0.180836	-0.181317	-0.0762668
2.76276	-0.181961	-0.182428	-0.073558
2.77778	-0.183045	-0.183498	-0.0708328
2.79279	-0.184088	-0.184526	-0.068092
2.80781	-0.18509	-0.185513	-0.065336
2.82282	-0.18605	-0.186458	-0.0625656
2.83784	-0.186969	-0.187361	-0.0597813
2.85285	-0.187845	-0.188221	-0.0569838
2.86787	-0.18868	-0.18904	-0.0541736
2.88288	-0.189472	-0.189815	-0.0513515
2.8979	-0.190222	-0.190548	-0.048518
2.91291	-0.190929	-0.191238	-0.0456737
2.92793	-0.191594	-0.191885	-0.0428193
2.94294	-0.192215	-0.192488	-0.0399555
2.95796	-0.192793	-0.193048	-0.0370828
2.97297	-0.193329	-0.193565	-0.0342019
2.98799	-0.19382	-0.194038	-0.0313135
3.003	-0.194269	-0.194467	-0.0284181
3.01802	-0.194674	-0.194852	-0.0255164
3.03303	-0.195035	-0.195194	-0.0226091
3.04805	-0.195353	-0.195491	-0.0196968
3.06306	-0.195627	-0.195744	-0.0167801
3.07808	-0.195857	-0.195954	-0.0138597
3.09309	-0.196043	-0.196119	-0.0109363
3.10811	-0.196185	-0.196239	-0.00801038
3.12312	-0.196283	-0.196316	-0.00508275
3.13814	-0.196338	-0.196348	-0.00215398
3.15315	-0.196348	-0.196336	0.000775256
3.16817	-0.196314	-0.19628	0.00370432
3.18318	-0.196237	-0.19618	0.00663257
3.1982	-0.196115	-0.196035	0.00955936
3.21321	-0.19595	-0.195846	0.012484
3.22823	-0.19574	-0.195613	0.0154059
3.24324	-0.195487	-0.195336	0.0183244
3.25826	-0.19519	-0.195015	0.0212389
3.27327	-0.194849	-0.19465	0.0241486
3.28829	-0.194465	-0.194241	0.027053
3.3033	-0.194037	-0.193788	0.0299515
3.31832	-0.193565	-0.193291	0.0328433
3.33333	-0.193051	-0.192751	0.0357278
3.34835	-0.192493	-0.192168	0.0386044
3.36336	-0.191891	-0.191541	0.0414725
3.37838	-0.191247	-0.190871	0.0443314
3.39339	-0.19056	-0.190158	0.0471805
3.40841	-0.18983	-0.189402	0.0500192
3.42342	-0.189058	-0.188603	0.0528467
3.43844	-0.188244	-0.187762	0.0556626
3.45345	-0.187387	-0.186878	0.0584662
3.46847	-0.186488	-0.185953	0.0612568
3.48348	-0.185547	-0.184985	0.0640338
3.4985	-0.184565	-0.183976	0.0667966
3.51351	-0.183541	-0.182925	0.0695447
3.52853	-0.182477	-0.181833	0.0722773
3.54354	-0.181371	-0.1807	0.0749939
3.55856	-0.180225	-0.179527	0.0776939
3.57357	-0.179038	-0.178313	0.0803766
3.58859	-0.177811	-0.177058	0.0830415
3.6036	-0.176544	-0.175764	0.085688
3.61862	-0.175238	-0.17443	0.0883154
3.63363	-0.173892	-0.173057	0.0909233
3.64865	-0.172508	-0.171644	0.0935109
3.66366	-0.171084	-0.170193	0.0960778
3.67868	-0.169622	-0.168704	0.0986234
3.69369	-0.168123	-0.167177	0.101147
3.70871	-0.166585	-0.165612	0.103648
3.72372	-0.16501	-0.164009	0.106126
3.73874	-0.163398	-0.16237	0.108581
3.75375	-0.16175	-0.160694	0.111011
3.76877	-0.160065	-0.158982	0.113417
3.78378	-0.158344	-0.157234	0.115797
3.7988	-0.156587	-0.15545	0.118152
3.81381	-0.154796	-0.153632	0.12048
3.82883	-0.15297	-0.151779	0.122782
3.84384	-0.151109	-0.149891	0.125056
3.85886	-0.149214	-0.14797	0.127302
3.87387	-0.147286	-0.146016	0.12952
3.88889	-0.145325	-0.144028	0.131709
3.9039	-0.143331	-0.142008	0.133869
3.91892	-0.141305	-0.139956	0.135998
3.93393	-0.139247	-0.137873	0.138098
3.94895	-0.137158	-0.135758	0.140166
3.96396	-0.135038	-0.133613	0.142203
3.97898	-0.132888	-0.131438	0.144209
3.99399	-0.130708	-0.129233	0.146182
4.00901	-0.128498	-0.126999	0.148123
4.02402	-0.12626	-0.124736	0.15003
4.03904	-0.123993	-0.122445	0.151904
4.05405	-0.121698	-0.120127	0.153744
4.06907	-0.119376	-0.117781	0.15555
4.08408	-0.117027	-0.115409	0.15732
4.0991	-0.114652	-0.113011	0.159056
4.11411	-0.112251	-0.110588	0.160756
4.12913	-0.109825	-0.108139	0.162419
4.14414	-0.107374	-0.105666	0.164047
4.15916	-0.104899	-0.10317	0.165638
4.17417	-0.1024	-0.10065	0.167191
4.18919	-0.099878	-0.0981069	0.168707
4.2042	-0.0973337	-0.0955422	0.170185
4.21922	-0.0947675	-0.0929559	0.171625
4.23423	-0.09218	-0.0903486	0.173027
4.24925	-0.0895717	-0.087721	0.17439
4.26426	-0.0869433	-0.0850736	0.175713
4.27928	-0.0842952	-0.082407	0.176997
4.29429	-0.0816282	-0.0797218	0.178241
4.30931	-0.0789428	-0.0770187	0.179446
4.32432	-0.0762397	-0.0742982	0.180609
4.33934	-0.0735193	-0.071561	0.181733
4.35435	-0.0707824	-0.0688076	0.182815
4.36937	-0.0680296	-0.0660387	0.183856
4.38438	-0.0652614	-0.0632549	0.184856
4.3994	-0.0624786	-0.0604569	0.185815
4.41441	-0.0596816	-0.0576452	0.186731
4.42943	-0.0568712	-0.0548205	0.187606
4.44444	-0.054048	-0.0519835	0.188438
4.45946	-0.0512126	-0.0491348	0.189228
4.47447	-0.0483657	-0.046275	0.189975
4.48949	-0.0455079	-0.0434047	0.19068
4.5045	-0.0426398	-0.0405247	0.191341
4.51952	-0.0397621	-0.0376355	0.19196
4.53453	-0.0368754	-0.0347378	0.192535
4.54955	-0.0339805	-0.0318323	0.193067
4.56456	-0.0310779	-0.0289197	0.193555
4.57958	-0.0281682	-0.0260005	0.194
4.59459	-0.0252522	-0.0230754	0.194401
4.60961	-0.0223306	-0.0201452	0.194758
4.62462	-0.0194039	-0.0172104	0.195072
4.63964	-0.0164728	-0.0142717	0.195341
4.65465	-0.013538	-0.0113298	0.195566
4.66967	-0.0106001	-0.00838537	0.195747
4.68468	-0.00765991	-0.00543903	0.195885
4.6997	-0.00471795	-0.00249147	0.195977
4.71471	-0.00177492	0.000456656	0.196026
4.72973	0.00116851	0.00340468	0.196031
4.74474	0.00411167	0.00635193	0.195991
4.75976	0.00705391	0.00929775	0.195907
4.77477	0.00999455	0.0122415	0.195779
4.78979	0.0129329	0.0151824	0.195607
4.8048	0.0158684	0.01812	0.195391
4.81982	0.0188003	0.0210534	0.195131
4.83483	0.021728	0.0239822	0.194826
4.84985	0.0246507	0.0269055	0.194478
4.86486	0.027568	0.0298227	0.194086
4.87988	0.0304789	0.0327332	0.193651
4.89489	0.0333831	0.0356363	0.193171
4.90991	0.0362797	0.0385315	0.192648
4.92492	0.0391681	0.0414179	0.192082
4.93994	0.0420477	0.0442949	0.191472
4.95495	0.0449178	0.047162	0.19082
4.96997	0.0477778	0.0500185	0.190124
4.98498	0.050627	0.0528637	0.189386
5	0.0534648	0.0556969	0.188604
5.01502	0.0562906	0.0585176	0.187781
5.03003	0.0591037	0.0613252	0.186915
5.04505	0.0619034	0.0641189	0.186007
5.06006	0.0646893	0.0668981	0.185057
5.07508	0.0674605	0.0696622	0.184066
5.09009	0.0702166	0.0724107	0.183033
5.10511	0.0729568	0.0751428	0.181959
5.12012	0.0756806	0.077858	0.180844
5.13514	0.0783873	0.0805556	0.179689
5.15015	0.0810764	0.0832351	0.178493
5.16517	0.0837473	0.0858958	0.177257
5.18018	0.0863993	0.0885371	0.175981
5.1952	0.0890318	0.0911585	0.174665
5.21021	0.0916443	0.0937593	0.173311
5.22523	0.0942361	0.096339	0.171917
5.24024	0.0968068	0.098897	0.170485
5.25526	0.0993556	0.101433	0.169015
5.27027	0.101882	0.103945	0.167507
5.28529	0.104386	0.106435	0.165961
5.3003	0.106866	0.1089	0.164378
5.31532	0.109322	0.111341	0.162758
5.33033	0.111753	0.113757	0.161101
5.34535	0.114159	0.116147	0.159409
5.36036	0.11654	0.118511	0.157681
5.37538	0.118894	0.120848	0.155917
5.39039	0.121222	0.123158	0.154119
5.40541	0.123522	0.12544	0.152286
5.42042	0.125795	0.127694	0.150419
5.43544	0.128039	0.129919	0.148519
5.45045	0.130255	0.132115	0.146585
5.46547	0.132441	0.134281	0.144618
5.48048	0.134598	0.136417	0.142619
5.4955	0.136724	0.138522	0.140589
5.51051	0.138819	0.140595	0.138526
5.52553	0.140884	0.142637	0.136433
5.54054	0.142916	0.144647	0.13431
5.55556	0.144917	0.146625	0.132156
5.57057	0.146885	0.148569	0.129973
5.58559	0.14882	0.15048	0.127761
5.6006	0.150721	0.152356	0.125521
5.61562	0.152589	0.154199	0.123252
5.63063	0.154422	0.156007	0.120957
5.64565	0.156221	0.157779	0.118634
5.66066	0.157985	0.159516	0.116284
5.67568	0.159713	0.161217	0.113909
5.69069	0.161405	0.162882	0.111509
5.70571	0.163062	0.16451	0.109084
5.72072	0.164681	0.166101	0.106634
5.73574	0.166264	0.167654	0.104161
5.75075	0.167809	0.16917	0.101664
5.76577	0.169317	0.170647	0.0991451
5.78078	0.170786	0.172086	0.0966041
5.7958	0.172217	0.173486	0.0940415
5.81081	0.17361	0.174847	0.0914581
5.82583	0.174964	0.176169	0.0888543
5.84084	0.176278	0.177451	0.0862309
5.85586	0.177553	0.178693	0.0835883
5.87087	0.178788	0.179895	0.0809271
5.88589	0.179983	0.181056	0.078248
5.9009	0.181138	0.182176	0.0755515
5.91592	0.182252	0.183255	0.0728383
5.93093	0.183325	0.184293	0.0701089
5.94595	0.184357	0.18529	0.067364
5.96096	0.185348	0.186244	0.0646042
5.97598	0.186297	0.187157	0.06183
5.99099	0.187205	0.188027	0.0590422
6.00601	0.18807	0.188855	0.0562413
6.02102	0.188894	0.189641	0.0534279
6.03604	0.189675	0.190383	0.0506027
6.05105	0.190413	0.191083	0.0477662
6.06607	0.191109	0.19174	0.0449192
6.08108	0.191762	0.192353	0.0420623
6.0961	0.192372	0.192923	0.039196
6.11111	0.192939	0.19345	0.0363211
6.12613	0.193463	0.193933	0.0334382
6.14114	0.193943	0.194372	0.0305478
6.15616	0.19438	0.194767	0.0276507
6.17117	0.194774	0.195119	0.0247475
6.18619	0.195123	0.195427	0.0218388
6.2012	0.195429	0.19569	0.0189252
6.21622	0.195692	0.195909	0.0160075
6.23123	0.19591	0.196085	0.0130863
6.24625	0.196085	0.196216	0.0101621
6.26126	0.196215	0.196302	0.00723571
6.27628	0.196302	0.196345	0.00430771
6.29129	0.196345	0.196343	0.00137876
6.30631	0.196343	0.196297	-0.0015505
6.32132	0.196298	0.196207	-0.00447941
6.33634	0.196209	0.196072	-0.00740734
6.35135	0.196076	0.195894	-0.0103336
6.36637	0.195899	0.195671	-0.0132576
6.38138	0.195678	0.195404	-0.0161787
6.3964	0.195413	0.195093	-0.0190962
6.41141	0.195104	0.194738	-0.0220095
6.42643	0.194752	0.194339	-0.0249179
6.44144	0.194356	0.193896	-0.0278207
6.45646	0.193916	0.193409	-0.0307175
6.47147	0.193433	0.192879	-0.0336074
6.48649	0.192907	0.192306	-0.0364899
6.5015	0.192338	0.191689	-0.0393643
6.51652	0.191725	0.191029	-0.0422301
6.53153	0.19107	0.190326	-0.0450864
6.54655	0.190371	0.189579	-0.0479328
6.56156	0.18963	0.188791	-0.0507686
6.57658	0.188847	0.187959	-0.0535932
6.59159	0.188021	0.187085	-0.0564058
6.60661	0.187153	0.18617	-0.059206
6.62162	0.186243	0.185212	-0.0619931
6.63664	0.185291	0.184212	-0.0647664
6.65165	0.184298	0.183171	-0.0675254
6.66667	0.183264	0.182088	-0.0702694
6.68168	0.182188	0.180965	-0.0729978
6.6967	0.181072	0.1798	-0.0757101
6.71171	0.179914	0.178595	-0.0784056
6.72673	0.178717	0.17735	-0.0810836
6.74174	0.17748	0.176065	-0.0837437
6.75676	0.176202	0.17474	-0.0863852
6.77177	0.174886	0.173376	-0.0890075
6.78679	0.17353	0.171973	-0.0916101
6.8018	0.172135	0.170531	-0.0941923
6.81682	0.170701	0.16905	-0.0967536
6.83183	0.169229	0.167532	-0.0992934
6.84685	0.167719	0.165975	-0.101811
6.86186	0.166172	0.164381	-0.104306
6.87688	0.164587	0.16275	-0.106778
6.89189	0.162966	0.161083	-0.109226
6.90691	0.161307	0.159379	-0.11165
6.92192	0.159613	0.157639	-0.114049
6.93694	0.157882	0.155864	-0.116423
6.95195	0.156117	0.154053	-0.118771
6.96697	0.154316	0.152208	-0.121092
6.98198	0.15248	0.150329	-0.123386
6.997	0.150611	0.148415	-0.125653
7.01201	0.148707	0.146468	-0.127892
7.02703	0.14677	0.144488	-0.130102
7.04204	0.1448	0.142476	-0.132283
7.05706	0.142798	0.140431	-0.134435
7.07207	0.140763	0.138355	-0.136557
7.08709	0.138697	0.136247	-0.138648
7.1021	0.1366	0.134109	-0.140708
7.11712	0.134472	0.131941	-0.142737
7.13213	0.132314	0.129743	-0.144734
7.14715	0.130126	0.127515	-0.146699
7.16216	0.127909	0.125259	-0.148631
7.17718	0.125663	0.122975	-0.150529
7.19219	0.123388	0.120663	-0.152394
7.20721	0.121086	0.118323	-0.154225
7.22222	0.118757	0.115957	-0.156022
7.23724	0.116401	0.113565	-0.157783
7.25225	0.114019	0.111147	-0.159509
7.26727	0.111611	0.108705	-0.1612
7.28228	0.109178	0.106237	-0.162854
7.2973	0.106721	0.103746	-0.164472
7.31231	0.10424	0.101231	-0.166052
7.32733	0.101735	0.0986939	-0.167596
7.34234	0.0992068	0.0961342	-0.169102
7.35736	0.0966566	0.0935528	-0.17057
7.37237	0.0940847	0.0909503	-0.172
7.38739	0.0914917	0.0883273	-0.173391
7.4024	0.088878	0.0856844	-0.174744
7.41742	0.0862443	0.0830222	-0.176057
7.43243	0.0835912	0.0803412	-0.17733
7.44745	0.0809193	0.0776422	-0.178564
7.46246	0.0782291	0.0749256	-0.179758
7.47748	0.0755214	0.0721922	-0.180911
7.49249	0.0727966	0.0694425	-0.182023
7.50751	0.0700554	0.0666771	-0.183095
7.52252	0.0672984	0.0638967	-0.184125
7.53754	0.0645263	0.0611019	-0.185114
7.55255	0.0617397	0.0582933	-0.186061
7.56757	0.0589391	0.0554715	-0.186967
7.58258	0.0561253	0.0526373	-0.18783
7.5976	0.0532988	0.0497912	-0.188651
7.61261	0.0504603	0.0469339	-0.18943
7.62763	0.0476104	0.0440659	-0.190166
7.64264	0.0447498	0.0411881	-0.190859
7.65766	0.0418791	0.038301	-0.191509
7.67267	0.038999	0.0354052	-0.192116
7.68769	0.0361101	0.0325015	-0.19268
7.7027	0.033213	0.0295904	-0.193201
7.71772	0.0303085	0.0266726	-0.193677
7.73273	0.0273971	0.0237489	-0.194111
7.74775	0.0244795	0.0208198	-0.1945
7.76276	0.0215565	0.017886	-0.194846
7.77778	0.0186285	0.0149481	-0.195147
7.79279	0.0156964	0.0120069	-0.195405
7.80781	0.0127607	0.00906299	-0.195619
7.82282	0.00982219	0.00611703	-0.195788
7.83784	0.00688143	0.00316969	-0.195913
7.85285	0.00393913	0.000221636	-0.195995
7.86787	0.000995929	-0.00272647	-0.196032
7.88288	-0.00194749	-0.00567396	-0.196025
7.8979	-0.00489047	-0.00862017	-0.195973
7.91291	-0.00783235	-0.0115644	-0.195878
7.92793	-0.0107725	-0.0145061	-0.195738
7.94294	-0.0137102	-0.0174445	-0.195554
7.95796	-0.0166447	-0.0203789	-0.195326
7.97297	-0.0195756	-0.0233088	-0.195054
7.98799	-0.022502	-0.0262334	-0.194739
8.003	-0.0254234	-0.0291521	-0.194379
8.01802	-0.028339	-0.0320642	-0.193975
8.03303	-0.0312482	-0.0349691	-0.193528
8.04805	-0.0341504	-0.0378661	-0.193037
8.06306	-0.0370449	-0.0407546	-0.192503
8.07808	-0.0399311	-0.0436339	-0.191925
8.09309	-0.0428082	-0.0465033	-0.191304
8.10811	-0.0456757	-0.0493623	-0.19064
8.12312	-0.0485329	-0.0522101	-0.189933
8.13814	-0.0513792	-0.0550462	-0.189183
8.15315	-0.0542139	-0.0578698	-0.188391
8.16817	-0.0570364	-0.0606804	-0.187556
8.18318	-0.059846	-0.0634774	-0.186679
8.1982	-0.0626421	-0.06626	-0.18576
8.21321	-0.0654241	-0.0690277	-0.184799
8.22823	-0.0681914	-0.0717798	-0.183797
8.24324	-0.0709434	-0.0745157	-0.182753
8.25826	-0.0736793	-0.0772348	-0.181668
8.27327	-0.0763986	-0.0799366	-0.180542
8.28829	-0.0791008	-0.0826203	-0.179376
8.3033	-0.0817851	-0.0852853	-0.178169
8.31832	-0.084451	-0.0879312	-0.176923
8.33333	-0.0870979	-0.0905572	-0.175637
8.34835	-0.0897252	-0.0931628	-0.174311
8.36336	-0.0923323	-0.0957474	-0.172946
8.37838	-0.0949186	-0.0983104	-0.171542
8.39339	-0.0974835	-0.100851	-0.1701
8.40841	-0.100026	-0.103369	-0.168619
8.42342	-0.102547	-0.105864	-0.167101
8.43844	-0.105044	-0.108335	-0.165545
8.45345	-0.107518	-0.110782	-0.163953
8.46847	-0.109968	-0.113203	-0.162323
8.48348	-0.112392	-0.115599	-0.160657
8.4985	-0.114792	-0.117969	-0.158955
8.51351	-0.117166	-0.120313	-0.157217
8.52853	-0.119513	-0.122629	-0.155445
8.54354	-0.121834	-0.124917	-0.153637
8.55856	-0.124127	-0.127178	-0.151795
8.57357	-0.126392	-0.12941	-0.149919
8.58859	-0.128629	-0.131612	-0.14801
8.6036	-0.130836	-0.133785	-0.146067
8.61862	-0.133015	-0.135928	-0.144092
8.63363	-0.135163	-0.13804	-0.142085
8.64865	-0.137281	-0.140121	-0.140046
8.66366	-0.139369	-0.14217	-0.137975
8.67868	-0.141425	-0.144188	-0.135874
8.69369	-0.143449	-0.146173	-0.133743
8.70871	-0.145441	-0.148124	-0.131581
8.72372	-0.1474	-0.150043	-0.129391
8.73874	-0.149326	-0.151928	-0.127171
8.75375	-0.151219	-0.153778	-0.124923
8.76877	-0.153078	-0.155594	-0.122647
8.78378	-0.154902	-0.157374	-0.120344
8.7988	-0.156691	-0.15912	-0.118015
8.81381	-0.158446	-0.160829	-0.115658
8.82883	-0.160165	-0.162502	-0.113276
8.84384	-0.161847	-0.164138	-0.110869
8.85886	-0.163494	-0.165738	-0.108438
8.87387	-0.165104	-0.1673	-0.105982
8.88889	-0.166676	-0.168824	-0.103502
8.9039	-0.168212	-0.170311	-0.101
8.91892	-0.169709	-0.171758	-0.0984747
8.93393	-0.171169	-0.173168	-0.0959279
8.94895	-0.17259	-0.174538	-0.0933598
8.96396	-0.173972	-0.175868	-0.0907709
8.97898	-0.175316	-0.17716	-0.0881619
8.99399	-0.17662	-0.178411	-0.0855333
9.00901	-0.177884	-0.179622	-0.0828857
9.02402	-0.179109	-0.180792	-0.0802198
9.03904	-0.180293	-0.181922	-0.077536
9.05405	-0.181437	-0.183011	-0.0748351
9.06907	-0.18254	-0.184058	-0.0721175
9.08408	-0.183603	-0.185064	-0.069384
9.0991	-0.184624	-0.186028	-0.066635
9.11411	-0.185604	-0.18695	-0.0638714
9.12913	-0.186542	-0.187831	-0.0610935
9.14414	-0.187438	-0.188668	-0.0583021
9.15916	-0.188292	-0.189464	-0.0554979
9.17417	-0.189105	-0.190216	-0.0526813
9.18919	-0.189874	-0.190926	-0.049853
9.2042	-0.190602	-0.191592	-0.0470138
9.21922	-0.191286	-0.192216	-0.0441641
9.23423	-0.191928	-0.192796	-0.0413046
9.24925	-0.192527	-0.193333	-0.038436
9.26426	-0.193082	-0.193826	-0.0355589
9.27928	-0.193594	-0.194275	-0.0326739
9.29429	-0.194063	-0.19468	-0.0297817
9.30931	-0.194489	-0.195042	-0.0268829
9.32432	-0.19487	-0.19536	-0.0239782
9.33934	-0.195209	-0.195633	-0.0210681
9.35435	-0.195503	-0.195863	-0.0181534
9.36937	-0.195754	-0.196048	-0.0152347
9.38438	-0.195961	-0.196189	-0.0123126
9.3994	-0.196124	-0.196286	-0.0093878
9.41441	-0.196243	-0.196339	-0.00646092
9.42943	-0.196318	-0.196347	-0.0035326
9.44444	-0.196349	-0.196312	-0.000603508
9.45946	-0.196336	-0.196231	0.00232572
9.47447	-0.196279	-0.196107	0.00525444
9.48949	-0.196178	-0.195939	0.00818199
9.5045	-0.196033	-0.195726	0.0111077
9.51952	-0.195844	-0.195469	0.014031
9.53453	-0.195612	-0.195168	0.0169512
9.54955	-0.195335	-0.194823	0.0198676
9.56456	-0.195015	-0.194434	0.0227797
9.57958	-0.194651	-0.194002	0.0256867
9.59459	-0.194244	-0.193525	0.028588
9.60961	-0.193793	-0.193005	0.031483
9.62462	-0.193298	-0.192442	0.034371
9.63964	-0.192761	-0.191835	0.0372515
9.65465	-0.19218	-0.191184	0.0401237
9.66967	-0.191556	-0.190491	0.042987
9.68468	-0.190889	-0.189755	0.0458408
9.6997	-0.190179	-0.188976	0.0486844
9.71471	-0.189427	-0.188154	0.0515173
9.72973	-0.188632	-0.18729	0.0543387
9.74474	-0.187795	-0.186384	0.0571482
9.75976	-0.186916	-0.185436	0.0599449
9.77477	-0.185995	-0.184446	0.0627284
9.78979	-0.185032	-0.183414	0.065498
9.8048	-0.184028	-0.182341	0.0682531
9.81982	-0.182983	-0.181227	0.0709931
9.83483	-0.181896	-0.180072	0.0737173
9.84985	-0.180769	-0.178876	0.0764251
9.86486	-0.179602	-0.17764	0.0791161
9.87988	-0.178393	-0.176364	0.0817894
9.89489	-0.177145	-0.175049	0.0844446
9.90991	-0.175858	-0.173693	0.0870811
9.92492	-0.174531	-0.172299	0.0896983
9.93994	-0.173164	-0.170866	0.0922955
9.95495	-0.171759	-0.169394	0.0948723
9.96997	-0.170315	-0.167884	0.0974279
9.98498	-0.168833	-0.166337	0.099962
10	-0.167314	-0.164751	0.102474
10.015	-0.165756	-0.163129	0.104963
10.03	-0.164162	-0.16147	0.107428
10.045	-0.16253	-0.159774	0.10987
10.0601	-0.160862	-0.158043	0.112288
10.0751	-0.159158	-0.156275	0.11468
10.0901	-0.157419	-0.154473	0.117047
10.1051	-0.155644	-0.152636	0.119388
10.1201	-0.153834	-0.150764	0.121702
10.1351	-0.151989	-0.148858	0.123989
10.1502	-0.15011	-0.146919	0.126248
10.1652	-0.148198	-0.144947	0.12848
10.1802	-0.146252	-0.142942	0.130682
10.1952	-0.144274	-0.140904	0.132856
10.2102	-0.142263	-0.138835	0.135
10.2252	-0.14022	-0.136735	0.137113
10.2402	-0.138145	-0.134604	0.139196
10.2553	-0.13604	-0.132442	0.141248
10.2703	-0.133904	-0.130251	0.143269
10.2853	-0.131738	-0.12803	0.145257
10.3003	-0.129542	-0.125781	0.147213
10.3153	-0.127317	-0.123503	0.149137
10.3303	-0.125063	-0.121197	0.151026
10.3453	-0.122782	-0.118864	0.152882
10.3604	-0.120473	-0.116504	0.154704
10.3754	-0.118136	-0.114118	0.156491
10.3904	-0.115773	-0.111706	0.158243
10.4054	-0.113384	-0.109269	0.15996
10.4204	-0.11097	-0.106807	0.161641
10.4354	-0.10853	-0.104321	0.163285
10.4505	-0.106067	-0.101812	0.164894
10.4655	-0.103579	-0.0992797	0.166465
10.4805	-0.101068	-0.096725	0.167998
10.4955	-0.098534	-0.0941486	0.169494
10.5105	-0.0959781	-0.0915509	0.170952
10.5255	-0.0934005	-0.0889326	0.172372
10.5405	-0.0908019	-0.0862942	0.173753
10.5556	-0.0881829	-0.0836363	0.175095
10.5706	-0.085544	-0.0809597	0.176398
10.5856	-0.0828859	-0.0782647	0.177661
10.6006	-0.0802091	-0.0755521	0.178884
10.6156	-0.0775142	-0.0728225	0.180067
10.6306	-0.0748019	-0.0700765	0.181209
10.6456	-0.0720727	-0.0673147	0.182311
10.6607	-0.0693273	-0.0645377	0.183371
10.6757	-0.0665662	-0.0617461	0.184391
10.6907	-0.0637902	-0.0589406	0.185369
10.7057	-0.0609998	-0.0561219	0.186305
10.7207	-0.0581957	-0.0532904	0.1872
10.7357	-0.0553784	-0.050447	0.188052
10.7508	-0.0525487	-0.0475922	0.188862
10.7658	-0.0497071	-0.0447267	0.189629
10.7808	-0.0468543	-0.0418511	0.190354
10.7958	-0.043991	-0.038966	0.191035
10.8108	-0.0411177	-0.0360722	0.191674
10.8258	-0.0382352	-0.0331702	0.19227
10.8408	-0.0353441	-0.0302608	0.192822
10.8559	-0.032445	-0.0273445	0.193331
10.8709	-0.0295386	-0.024422	0.193796
10.8859	-0.0266255	-0.0214941	0.194218
10.9009	-0.0237064	-0.0185613	0.194596
10.9159	-0.020782	-0.0156243	0.19493
10.9309	-0.0178529	-0.0126839	0.19522
10.9459	-0.0149198	-0.0097405	0.195466
10.961	-0.0119833	-0.00679495	0.195668
10.976	-0.00904409	-0.00384787	0.195826
10.991	-0.00610285	-0.000899925	0.195939
11.006	-0.00316024	0.00204823	0.196009
11.021	-0.000216924	0.00499592	0.196034
11.036	0.00272645	0.00794248	0.196015
11.0511	0.0056692	0.0108873	0.195952
11.0661	0.00861068	0.0138296	0.195845
11.0811	0.0115502	0.0167688	0.195694
11.0961	0.0144871	0.0197042	0.195498
11.1111	0.0174208	0.0226352	0.195259
11.1261	0.0203505	0.025561	0.194975
11.1411	0.0232757	0.0284812	0.194648
11.1562	0.0261956	0.0313948	0.194276
11.1712	0.0291096	0.0343015	0.193861
11.1862	0.032017	0.0372003	0.193402
11.2012	0.0349173	0.0400908	0.1929
11.2162	0.0378096	0.0429723	0.192354
11.2312	0.0406934	0.045844	0.191765
11.2462	0.0435681	0.0487055	0.191132
11.2613	0.0464329	0.0515559	0.190457
11.2763	0.0492873	0.0543948	0.189738
11.2913	0.0521306	0.0572213	0.188977
11.3063	0.0549621	0.060035	0.188174
11.3213	0.0577812	0.0628351	0.187328
11.3363	0.0605873	0.0656211	0.18644
11.3514	0.0633798	0.0683923	0.18551
11.3664	0.066158	0.071148	0.184538
11.3814	0.0689213	0.0738877	0.183524
11.3964	0.071669	0.0766108	0.18247
11.4114	0.0744006	0.0793165	0.181374
11.4264	0.0771155	0.0820044	0.180238
11.4414	0.079813	0.0846739	0.179061
11.4565	0.0824925	0.0873242	0.177843
11.4715	0.0851534	0.0899548	0.176586
11.4865	0.0877952	0.0925652	0.175289
11.5015	0.0904172	0.0951547	0.173953
11.5165	0.0930188	0.0977227	0.172578
11.5315	0.0955995	0.100269	0.171164
11.5465	0.0981587	0.102792	0.169712
11.5616	0.100696	0.105292	0.168221
11.5766	0.10321	0.107769	0.166693
11.5916	0.105701	0.110221	0.165127
11.6066	0.108169	0.112648	0.163525
11.6216	0.110612	0.11505	0.161886
11.6366	0.11303	0.117426	0.16021
11.6517	0.115423	0.119776	0.158499
11.6667	0.11779	0.122098	0.156752
11.6817	0.12013	0.124393	0.15497
11.6967	0.122443	0.12666	0.153153
11.7117	0.124729	0.128899	0.151302
11.7267	0.126987	0.131108	0.149417
11.7417	0.129216	0.133288	0.147499
11.7568	0.131416	0.135438	0.145548
11.7718	0.133586	0.137557	0.143564
11.7868	0.135727	0.139645	0.141548
11.8018	0.137837	0.141702	0.139501
11.8168	0.139916	0.143726	0.137422
11.8318	0.141964	0.145719	0.135313
11.8468	0.143979	0.147678	0.133174
11.8619	0.145963	0.149605	0.131004
11.8769	0.147913	0.151497	0.128806
11.8919	0.14983	0.153355	0.126579
11.9069	0.151714	0.155179	0.124324
11.9219	0.153564	0.156968	0.122041
11.9369	0.155379	0.158721	0.11973
11.952	0.157159	0.160439	0.117393
11.967	0.158904	0.16212	0.11503
11.982	0.160613	0.163765	0.112642
11.997	0.162287	0.165373	0.110228
12.012	0.163923	0.166944	0.10779
12.027	0.165523	0.168477	0.105328
12.042	0.167086	0.169972	0.102842
12.0571	0.168612	0.171429	0.100334
12.0721	0.170099	0.172847	0.0978028
12.0871	0.171549	0.174226	0.0952503
12.1021	0.172959	0.175566	0.0926766
12.1171	0.174332	0.176866	0.0900824
12.1321	0.175665	0.178126	0.0874681
12.1471	0.176958	0.179347	0.0848344
12.1622	0.178212	0.180527	0.0821819
12.1772	0.179426	0.181666	0.0795112
12.1922	0.1806	0.182764	0.0768228
12.2072	0.181733	0.183821	0.0741174
12.2222	0.182825	0.184836	0.0713956
12.2372	0.183877	0.18581	0.0686579
12.2523	0.184887	0.186742	0.065905
12.2673	0.185856	0.187632	0.0631375
12.2823	0.186783	0.188479	0.0603561
12.2973	0.187668	0.189284	0.0575612
12.3123	0.188512	0.190047	0.0547536
12.3273	0.189312	0.190766	0.0519339
12.3423	0.190071	0.191443	0.0491026
12.3574	0.190787	0.192076	0.0462605
12.3724	0.19146	0.192666	0.0434082
12.3874	0.19209	0.193213	0.0405463
12.4024	0.192678	0.193716	0.0376753
12.4174	0.193222	0.194175	0.0347961
12.4324	0.193723	0.194591	0.0319091
12.4474	0.19418	0.194963	0.0290151
12.4625	0.194594	0.195291	0.0261147
12.4775	0.194964	0.195574	0.0232085
12.4925	0.195291	0.195814	0.0202972
12.5075	0.195574	0.196009	0.0173813
12.5225	0.195813	0.196161	0.0144616
12.5375	0.196008	0.196268	0.0115388
12.5526	0.196159	0.196331	0.00861336
12.5676	0.196267	0.196349	0.00568603
12.5826	0.19633	0.196324	0.00275744
12.5976	0.196349	0.196254	-0.00017175
12.6126	0.196325	0.19614	-0.00310091
12.6276	0.196256	0.195981	-0.00602938
12.6426	0.196144	0.195779	-0.00895651
12.6577	0.195987	0.195532	-0.0118817
12.6727	0.195787	0.195241	-0.0148042
12.6877	0.195543	0.194906	-0.0177235
12.7027	0.195255	0.194528	-0.0206388
12.7177	0.194923	0.194105	-0.0235496
12.7327	0.194548	0.193639	-0.0264551
12.7477	0.194129	0.193129	-0.0293548
12.7628	0.193666	0.192575	-0.0322481
12.7778	0.19316	0.191978	-0.0351341
12.7928	0.192611	0.191338	-0.0380124
12.8078	0.192019	0.190654	-0.0408823
12.8228	0.191383	0.189928	-0.0437432
12.8378	0.190705	0.189159	-0.0465944
12.8529	0.189984	0.188347	-0.0494352
12.8679	0.189221	0.187493	-0.0522651
12.8829	0.188415	0.186596	-0.0550835
12.8979	0.187567	0.185658	-0.0578896
12.9129	0.186676	0.184677	-0.0606829
12.9279	0.185744	0.183655	-0.0634628
12.9429	0.184771	0.182591	-0.0662286
12.958	0.183756	0.181487	-0.0689797
12.973	0.182699	0.180341	-0.0717156
12.988	0.181602	0.179155	-0.0744355
13.003	0.180464	0.177928	-0.077139
13.018	0.179286	0.176661	-0.0798253
13.033	0.178067	0.175355	-0.0824939
13.048	0.176809	0.174009	-0.0851443
13.0631	0.17551	0.172623	-0.0877757
13.0781	0.174173	0.171199	-0.0903876
13.0931	0.172796	0.169736	-0.0929795
13.1081	0.171381	0.168235	-0.0955507
13.1231	0.169927	0.166696	-0.0981007
13.1381	0.168435	0.165119	-0.100629
13.1532	0.166905	0.163505	-0.103135
13.1682	0.165338	0.161855	-0.105618
13.1832	0.163733	0.160167	-0.108077
13.1982	0.162092	0.158444	-0.110512
13.2132	0.160415	0.156685	-0.112923
13.2282	0.158701	0.154891	-0.115309
13.2432	0.156952	0.153061	-0.117669
13.2583	0.155168	0.151198	-0.120003
13.2733	0.153349	0.1493	-0.12231
13.2883	0.151495	0.147368	-0.12459
13.3033	0.149607	0.145403	-0.126842
13.3183	0.147686	0.143406	-0.129065
13.3333	0.145732	0.141376	-0.13126
13.3483	0.143745	0.139314	-0.133426
13.3634	0.141725	0.137221	-0.135562
13.3784	0.139674	0.135097	-0.137668
13.3934	0.137591	0.132942	-0.139743
13.4084	0.135477	0.130758	-0.141786
13.4234	0.133333	0.128544	-0.143798
13.4384	0.131159	0.126301	-0.145778
13.4535	0.128956	0.124029	-0.147726
13.4685	0.126723	0.12173	-0.14964
13.4835	0.124462	0.119403	-0.151521
13.4985	0.122173	0.117049	-0.153368
13.5135	0.119857	0.114669	-0.15518
13.5285	0.117513	0.112263	-0.156958
13.5435	0.115144	0.109832	-0.158701
13.5586	0.112748	0.107376	-0.160408
13.5736	0.110327	0.104895	-0.16208
13.5886	0.107881	0.102391	-0.163715
13.6036	0.10541	0.0998643	-0.165313
13.6186	0.102917	0.0973147	-0.166874
13.6336	0.100399	0.0947432	-0.168398
13.6486	0.0978597	0.0921504	-0.169884
13.6637	0.095298	0.0895367	-0.171332
13.6787	0.0927148	0.0869029	-0.172741
13.6937	0.0901107	0.0842495	-0.174112
13.7087	0.0874864	0.0815771	-0.175444
13.7237	0.0848424	0.0788863	-0.176736
13.7387	0.0821792	0.0761778	-0.177988
13.7538	0.0794976	0.073452	-0.179201
13.7688	0.076798	0.0707097	-0.180373
13.7838	0.0740812	0.0679514	-0.181505
13.7988	0.0713476	0.0651779	-0.182595
13.8138	0.068598	0.0623896	-0.183645
13.8288	0.065833	0.0595873	-0.184654
13.8438	0.0630531	0.0567715	-0.185621
13.8589	0.060259	0.053943	-0.186546
13.8739	0.0574513	0.0511022	-0.187429
13.8889	0.0546307	0.04825	-0.18827
13.9039	0.0517978	0.0453869	-0.189069
13.9189	0.0489532	0.0425135	-0.189825
13.9339	0.0460975	0.0396306	-0.190538
13.9489	0.0432315	0.0367387	-0.191209
13.964	0.0403557	0.0338385	-0.191836
13.979	0.0374709	0.0309308	-0.19242
13.994	0.0345776	0.028016	-0.192961
14.009	0.0316765	0.0250949	-0.193458
14.024	0.0287682	0.0221682	-0.193912
14.039	0.0258535	0.0192365	-0.194322
14.0541	0.0229329	0.0163004	-0.194688
14.0691	0.0200072	0.0133607	-0.195011
14.0841	0.017077	0.0104179	-0.195289
14.0991	0.0141429	0.0074728	-0.195523
14.1141	0.0112056	0.00452601	-0.195714
14.1291	0.00826584	0.0015782	-0.19586
14.1441	0.00532417	-0.00136996	-0.195962
14.1592	0.00238131	-0.00431781	-0.19602
14.1742	-0.000562085	-0.00726469	-0.196033
14.1892	-0.00350536	-0.0102099	-0.196003
14.2042	-0.00644784	-0.0131529	-0.195928
14.2192	-0.00938887	-0.0160929	-0.195809
14.2342	-0.0123278	-0.0190292	-0.195646
14.2492	-0.0152639	-0.0219613	-0.195439
14.2643	-0.0181966	-0.0248884	-0.195188
14.2793	-0.0211252	-0.0278099	-0.194893
14.2943	-0.024049	-0.0307251	-0.194554
14.3093	-0.0269674	-0.0336334	-0.194171
14.3243	-0.0298797	-0.0365341	-0.193744
14.3393	-0.0327853	-0.0394266	-0.193274
14.3544	-0.0356835	-0.0423102	-0.19276
14.3694	-0.0385737	-0.0451842	-0.192202
14.3844	-0.0414552	-0.0480481	-0.191602
14.3994	-0.0443273	-0.0509011	-0.190958
14.4144	-0.0471894	-0.0537427	-0.190271
14.4294	-0.0500409	-0.0565721	-0.189541
14.4444	-0.0528811	-0.0593888	-0.188769
14.4595	-0.0557094	-0.0621921	-0.187954
14.4745	-0.0585252	-0.0649814	-0.187097
14.4895	-0.0613277	-0.067756	-0.186198
14.5045	-0.0641165	-0.0705154	-0.185256
14.5195	-0.0668908	-0.0732588	-0.184274
14.5345	-0.06965	-0.0759858	-0.183249
14.5495	-0.0723936	-0.0786956	-0.182184
14.5646	-0.0751208	-0.0813877	-0.181077
14.5796	-0.0778311	-0.0840614	-0.17993
14.5946	-0.0805239	-0.0867161	-0.178742
14.6096	-0.0831985	-0.0893514	-0.177515
14.6246	-0.0858545	-0.0919664	-0.176247
14.6396	-0.0884911	-0.0945608	-0.17494
14.6547	-0.0911077	-0.0971338	-0.173593
14.6697	-0.0937039	-0.0996849	-0.172208
14.6847	-0.0962789	-0.102214	-0.170783
14.6997	-0.0988323	-0.104719	-0.169321
14.7147	-0.101363	-0.107201	-0.16782
14.7297	-0.103872	-0.109659	-0.166282
14.7447	-0.106357	-0.112092	-0.164707
14.7598	-0.108818	-0.1145	-0.163095
14.7748	-0.111254	-0.116882	-0.161446
14.7898	-0.113666	-0.119238	-0.159761
14.8048	-0.116052	-0.121566	-0.15804
14.8198	-0.118412	-0.123868	-0.156283
14.8348	-0.120745	-0.126141	-0.154492
14.8498	-0.123051	-0.128386	-0.152666
14.8649	-0.125329	-0.130602	-0.150806
14.8799	-0.127579	-0.132789	-0.148913
14.8949	-0.129801	-0.134946	-0.146986
14.9099	-0.131993	-0.137072	-0.145026
14.9249	-0.134156	-0.139167	-0.143034
14.9399	-0.136288	-0.141231	-0.141009
14.955	-0.13839	-0.143263	-0.138954
14.97	-0.140461	-0.145263	-0.136867
14.985	-0.1425	-0.14723	-0.13475
15	-0.144507	-0.149164	-0.132602
