0	1.5708	1.5708	1
0.015015	1.5857	1.58563	0.984986
0.03003	1.60038	1.60011	0.969974
0.045045	1.61483	1.61423	0.95497
0.0600601	1.62905	1.62799	0.939974
0.0750751	1.64305	1.64138	0.924992
0.0900901	1.65683	1.65439	0.910024
0.105105	1.67038	1.66704	0.895073
0.12012	1.68371	1.67931	0.880143
0.135135	1.69681	1.6912	0.865235
0.15015	1.70969	1.70271	0.850352
0.165165	1.72235	1.71383	0.835495
0.18018	1.73478	1.72457	0.820667
0.195195	1.74699	1.73492	0.805869
0.21021	1.75898	1.74488	0.791102
0.225225	1.77075	1.75445	0.776369
0.24024	1.7823	1.76362	0.761671
0.255255	1.79362	1.77239	0.747009
0.27027	1.80473	1.78077	0.732384
0.285285	1.81562	1.78874	0.717797
0.3003	1.82629	1.79631	0.70325
0.315315	1.83674	1.80347	0.688742
0.33033	1.84697	1.81023	0.674275
0.345345	1.85699	1.81658	0.65985
0.36036	1.86679	1.82252	0.645467
0.375375	1.87637	1.82804	0.631126
0.39039	1.88574	1.83316	0.616828
0.405405	1.89489	1.83786	0.602573
0.42042	1.90383	1.84215	0.588362
0.435435	1.91256	1.84603	0.574193
0.45045	1.92108	1.84948	0.560068
0.465465	1.92938	1.85252	0.545987
0.48048	1.93747	1.85514	0.531948
0.495495	1.94536	1.85735	0.517953
0.510511	1.95303	1.85913	0.504
0.525526	1.96049	1.8605	0.49009
0.540541	1.96775	1.86145	0.476222
0.555556	1.97479	1.86198	0.462395
0.570571	1.98163	1.86208	0.448609
0.585586	1.98826	1.86177	0.434863
0.600601	1.99469	1.86104	0.421158
0.615616	2.00091	1.85989	0.407491
0.630631	2.00693	1.85832	0.393863
0.645646	2.01274	1.85633	0.380272
0.660661	2.01835	1.85392	0.366717
0.675676	2.02375	1.85109	0.353199
0.690691	2.02895	1.84785	0.339715
0.705706	2.03395	1.84419	0.326266
0.720721	2.03875	1.84011	0.312849
0.735736	2.04335	1.83562	0.299464
0.750751	2.04775	1.83072	0.286109
0.765766	2.05194	1.8254	0.272785
0.780781	2.05594	1.81967	0.259488
0.795796	2.05973	1.81353	0.246219
0.810811	2.06333	1.80698	0.232977
0.825826	2.06673	1.80003	0.219758
0.840841	2.06993	1.79267	0.206564
0.855856	2.07293	1.7849	0.193392
0.870871	2.07574	1.77674	0.180241
0.885886	2.07835	1.76817	0.167109
0.900901	2.08076	1.7592	0.153996
0.915916	2.08297	1.74984	0.140899
0.930931	2.08499	1.74008	0.127819
0.945946	2.08681	1.72993	0.114752
0.960961	2.08843	1.71939	0.101698
0.975976	2.08986	1.70846	0.0886557
0.990991	2.0911	1.69715	0.0756232
1.00601	2.09213	1.68545	0.0625991
1.02102	2.09298	1.67338	0.049582
1.03604	2.09362	1.66092	0.0365706
1.05105	2.09407	1.6481	0.0235632
1.06607	2.09433	1.6349	0.0105585
1.08108	2.09439	1.62133	-0.00244501
1.0961	2.09426	1.6074	-0.0154488
1.11111	2.09393	1.5931	-0.0284543
1.12613	2.0934	1.57845	-0.0414631
1.14114	2.09268	1.56344	-0.0544765
1.15616	2.09177	1.54807	-0.067496
1.17117	2.09066	1.53236	-0.0805231
1.18619	2.08935	1.5163	-0.0935592
1.2012	2.08785	1.4999	-0.106606
1.21622	2.08615	1.48317	-0.119664
1.23123	2.08425	1.4661	-0.132736
1.24625	2.08216	1.44869	-0.145822
1.26126	2.07987	1.43096	-0.158925
1.27628	2.07739	1.41291	-0.172045
1.29129	2.07471	1.39454	-0.185184
1.30631	2.07183	1.37586	-0.198343
1.32132	2.06875	1.35686	-0.211523
1.33634	2.06548	1.33756	-0.224726
1.35135	2.062	1.31796	-0.237954
1.36637	2.05833	1.29806	-0.251206
1.38138	2.05446	1.27787	-0.264485
1.3964	2.05039	1.25739	-0.277792
1.41141	2.04612	1.23663	-0.291128
1.42643	2.04164	1.21559	-0.304494
1.44144	2.03697	1.19427	-0.317891
1.45646	2.0321	1.17268	-0.33132
1.47147	2.02702	1.15083	-0.344782
1.48649	2.02174	1.12872	-0.358279
1.5015	2.01626	1.10636	-0.37181
1.51652	2.01058	1.08375	-0.385378
1.53153	2.00469	1.06089	-0.398983
1.54655	1.9986	1.03779	-0.412626
1.56156	1.9923	1.01446	-0.426307
1.57658	1.98579	0.990904	-0.440028
1.59159	1.97908	0.967121	-0.453788
1.60661	1.97217	0.94312	-0.46759
1.62162	1.96504	0.918907	-0.481432
1.63664	1.95771	0.894486	-0.495316
1.65165	1.95017	0.869864	-0.509242
1.66667	1.94242	0.845046	-0.523211
1.68168	1.93445	0.820037	-0.537223
1.6967	1.92628	0.794843	-0.551277
1.71171	1.9179	0.76947	-0.565375
1.72673	1.9093	0.743924	-0.579516
1.74174	1.9005	0.71821	-0.593701
1.75676	1.89148	0.692334	-0.607929
1.77177	1.88224	0.666302	-0.6222
1.78679	1.87279	0.640119	-0.636514
1.8018	1.86313	0.613793	-0.650871
1.81682	1.85324	0.587328	-0.66527
1.83183	1.84315	0.56073	-0.679711
1.84685	1.83283	0.534007	-0.694193
1.86186	1.8223	0.507162	-0.708716
1.87688	1.81155	0.480204	-0.723278
1.89189	1.80058	0.453137	-0.737879
1.90691	1.78939	0.425968	-0.752518
1.92192	1.77798	0.398703	-0.767194
1.93694	1.76635	0.371348	-0.781906
1.95195	1.7545	0.343909	-0.796651
1.96697	1.74243	0.316393	-0.81143
1.98198	1.73013	0.288806	-0.82624
1.997	1.71762	0.261153	-0.841079
2.01201	1.70488	0.233442	-0.855946
2.02703	1.69191	0.205678	-0.870839
2.04204	1.67872	0.177867	-0.885755
2.05706	1.66531	0.150017	-0.900693
2.07207	1.65168	0.122132	-0.915651
2.08709	1.63782	0.0942204	-0.930624
2.1021	1.62373	0.0662873	-0.945612
2.11712	1.60942	0.0383392	-0.960611
2.13213	1.59488	0.0103824	-0.975619
2.14715	1.58012	-0.0175766	-0.990632
2.16216	1.56513	-0.0455318	-1.00565
2.17718	1.54992	-0.0734766	-1.02066
2.19219	1.53448	-0.101405	-1.03567
2.20721	1.51882	-0.12931	-1.05067
2.22222	1.50293	-0.157187	-1.06566
2.23724	1.48682	-0.185027	-1.08063
2.25225	1.47048	-0.212827	-1.09558
2.26727	1.45392	-0.240578	-1.11051
2.28228	1.43713	-0.268275	-1.1254
2.2973	1.42012	-0.295911	-1.14027
2.31231	1.40289	-0.323481	-1.15509
2.32733	1.38544	-0.350978	-1.16987
2.34234	1.36776	-0.378395	-1.18461
2.35736	1.34986	-0.405728	-1.19928
2.37237	1.33174	-0.432968	-1.2139
2.38739	1.31341	-0.460112	-1.22846
2.4024	1.29485	-0.487151	-1.24294
2.41742	1.27608	-0.514081	-1.25735
2.43243	1.2571	-0.540895	-1.27168
2.44745	1.2379	-0.567587	-1.28591
2.46246	1.21848	-0.594151	-1.30006
2.47748	1.19886	-0.620581	-1.3141
2.49249	1.17902	-0.646871	-1.32803
2.50751	1.15898	-0.673015	-1.34185
2.52252	1.13872	-0.699007	-1.35555
2.53754	1.11827	-0.724842	-1.36912
2.55255	1.09761	-0.750514	-1.38255
2.56757	1.07675	-0.776016	-1.39584
2.58258	1.05569	-0.801343	-1.40899
2.5976	1.03444	-0.82649	-1.42198
2.61261	1.01299	-0.85145	-1.4348
2.62763	0.991354	-0.876219	-1.44745
2.64264	0.969527	-0.90079	-1.45992
2.65766	0.947513	-0.925157	-1.47221
2.67267	0.925317	-0.949317	-1.48431
2.68769	0.902941	-0.973262	-1.4962
2.7027	0.880387	-0.996988	-1.50788
2.71772	0.85766	-1.02049	-1.51935
2.73273	0.834762	-1.04376	-1.53059
2.74775	0.811697	-1.0668	-1.5416
2.76276	0.788469	-1.08959	-1.55237
2.77778	0.765081	-1.11214	-1.5629
2.79279	0.741536	-1.13444	-1.57317
2.80781	0.71784	-1.15648	-1.58318
2.82282	0.693995	-1.17826	-1.59292
2.83784	0.670006	-1.19978	-1.60238
2.85285	0.645877	-1.22103	-1.61157
2.86787	0.621612	-1.242	-1.62046
2.88288	0.597216	-1.26269	-1.62905
2.8979	0.572693	-1.28309	-1.63734
2.91291	0.548048	-1.30321	-1.64532
2.92793	0.523285	-1.32303	-1.65299
2.94294	0.49841	-1.34256	-1.66033
2.95796	0.473427	-1.36178	-1.66734
2.97297	0.448342	-1.3807	-1.67402
2.98799	0.423158	-1.3993	-1.68036
3.003	0.397882	-1.41759	-1.68635
3.01802	0.372519	-1.43556	-1.69199
3.03303	0.347074	-1.4532	-1.69728
3.04805	0.321552	-1.47052	-1.7022
3.06306	0.295958	-1.48751	-1.70676
3.07808	0.270299	-1.50416	-1.71096
3.09309	0.24458	-1.52047	-1.71478
3.10811	0.218806	-1.53644	-1.71823
3.12312	0.192983	-1.55206	-1.7213
3.13814	0.167117	-1.56733	-1.72399
3.15315	0.141214	-1.58225	-1.72629
3.16817	0.115279	-1.59681	-1.72821
3.18318	0.0893174	-1.61102	-1.72975
3.1982	0.0633361	-1.62486	-1.73089
3.21321	0.0373406	-1.63833	-1.73165
3.22823	0.0113366	-1.65143	-1.73201
3.24324	-0.0146699	-1.66416	-1.73199
3.25826	-0.0406731	-1.67652	-1.73157
3.27327	-0.0666671	-1.6885	-1.73077
3.28829	-0.0926462	-1.7001	-1.72957
3.3033	-0.118604	-1.71131	-1.72799
3.31832	-0.144536	-1.72214	-1.72602
3.33333	-0.170435	-1.73258	-1.72367
3.34835	-0.196296	-1.74263	-1.72093
3.36336	-0.222112	-1.75228	-1.71781
3.37838	-0.24788	-1.76155	-1.71431
3.39339	-0.273591	-1.77041	-1.71044
3.40841	-0.299242	-1.77888	-1.7062
3.42342	-0.324827	-1.78694	-1.70159
3.43844	-0.350339	-1.7946	-1.69662
3.45345	-0.375775	-1.80186	-1.69129
3.46847	-0.401127	-1.80871	-1.6856
3.48348	-0.426391	-1.81515	-1.67956
3.4985	-0.451563	-1.82119	-1.67318
3.51351	-0.476635	-1.82681	-1.66646
3.52853	-0.501605	-1.83202	-1.6594
3.54354	-0.526466	-1.83682	-1.65202
3.55856	-0.551213	-1.8412	-1.64432
3.57357	-0.575843	-1.84517	-1.6363
3.58859	-0.60035	-1.84872	-1.62797
3.6036	-0.624729	-1.85186	-1.61933
3.61862	-0.648977	-1.85458	-1.61041
3.63363	-0.673088	-1.85688	-1.60119
3.64865	-0.697059	-1.85876	-1.59169
3.66366	-0.720885	-1.86022	-1.58191
3.67868	-0.744563	-1.86127	-1.57187
3.69369	-0.768087	-1.86189	-1.56156
3.70871	-0.791455	-1.8621	-1.55101
3.72372	-0.814663	-1.86188	-1.5402
3.73874	-0.837707	-1.86124	-1.52916
3.75375	-0.860583	-1.86019	-1.51789
3.76877	-0.883288	-1.85872	-1.5064
3.78378	-0.905819	-1.85682	-1.49468
3.7988	-0.928172	-1.85451	-1.48277
3.81381	-0.950345	-1.85178	-1.47065
3.82883	-0.972335	-1.84863	-1.45834
3.84384	-0.994138	-1.84507	-1.44584
3.85886	-1.01575	-1.84109	-1.43316
3.87387	-1.03718	-1.83669	-1.42032
3.88889	-1.0584	-1.83188	-1.40731
3.9039	-1.07944	-1.82666	-1.39415
3.91892	-1.10027	-1.82103	-1.38084
3.93393	-1.1209	-1.81498	-1.36738
3.94895	-1.14133	-1.80853	-1.3538
3.96396	-1.16156	-1.80167	-1.34008
3.97898	-1.18157	-1.7944	-1.32625
3.99399	-1.20138	-1.78673	-1.3123
4.00901	-1.22098	-1.77865	-1.29825
4.02402	-1.24037	-1.77017	-1.28409
4.03904	-1.25954	-1.7613	-1.26984
4.05405	-1.2785	-1.75203	-1.25551
4.06907	-1.29724	-1.74236	-1.24109
4.08408	-1.31577	-1.7323	-1.2266
4.0991	-1.33408	-1.72185	-1.21203
4.11411	-1.35217	-1.71101	-1.19741
4.12913	-1.37004	-1.69978	-1.18272
4.14414	-1.38769	-1.68818	-1.16798
4.15916	-1.40511	-1.67619	-1.15319
4.17417	-1.42232	-1.66382	-1.13836
4.18919	-1.4393	-1.65108	-1.1235
4.2042	-1.45605	-1.63797	-1.10859
4.21922	-1.47259	-1.62448	-1.09366
4.23423	-1.4889	-1.61063	-1.07871
4.24925	-1.50498	-1.59642	-1.06374
4.26426	-1.52084	-1.58185	-1.04875
4.27928	-1.53647	-1.56692	-1.03375
4.29429	-1.55188	-1.55164	-1.01874
4.30931	-1.56707	-1.53601	-1.00372
4.32432	-1.58203	-1.52003	-0.988707
4.33934	-1.59676	-1.50371	-0.973695
4.35435	-1.61127	-1.48705	-0.958688
4.36937	-1.62555	-1.47005	-0.94369
4.38438	-1.6396	-1.45273	-0.928704
4.3994	-1.65344	-1.43507	-0.913732
4.41441	-1.66704	-1.41709	-0.898778
4.42943	-1.68043	-1.3988	-0.883842
4.44444	-1.69359	-1.38019	-0.868929
4.45946	-1.70652	-1.36126	-0.854039
4.47447	-1.71923	-1.34203	-0.839175
4.48949	-1.73172	-1.3225	-0.82434
4.5045	-1.74399	-1.30267	-0.809534
4.51952	-1.75603	-1.28254	-0.79476
4.53453	-1.76786	-1.26213	-0.780018
4.54955	-1.77946	-1.24143	-0.765311
4.56456	-1.79084	-1.22045	-0.75064
4.57958	-1.802	-1.1992	-0.736006
4.59459	-1.81294	-1.17767	-0.721409
4.60961	-1.82366	-1.15588	-0.706852
4.62462	-1.83417	-1.13383	-0.692334
4.63964	-1.84445	-1.11153	-0.677858
4.65465	-1.85452	-1.08897	-0.663422
4.66967	-1.86438	-1.06617	-0.649028
4.68468	-1.87401	-1.04313	-0.634677
4.6997	-1.88344	-1.01985	-0.620368
4.71471	-1.89264	-0.996344	-0.606103
4.72973	-1.90164	-0.972612	-0.59188
4.74474	-1.91042	-0.948661	-0.577701
4.75976	-1.91899	-0.924496	-0.563566
4.77477	-1.92734	-0.900123	-0.549473
4.78979	-1.93549	-0.875547	-0.535424
4.8048	-1.94342	-0.850773	-0.521418
4.81982	-1.95115	-0.825807	-0.507455
4.83483	-1.95866	-0.800656	-0.493534
4.84985	-1.96597	-0.775323	-0.479655
4.86486	-1.97306	-0.749816	-0.465818
4.87988	-1.97996	-0.72414	-0.452022
4.89489	-1.98664	-0.698301	-0.438267
4.90991	-1.99312	-0.672304	-0.424551
4.92492	-1.99939	-0.646156	-0.410875
4.93994	-2.00546	-0.619862	-0.397237
4.95495	-2.01132	-0.593429	-0.383637
4.96997	-2.01698	-0.566861	-0.370074
4.98498	-2.02243	-0.540166	-0.356547
5	-2.02768	-0.513349	-0.343055
5.01502	-2.03273	-0.486416	-0.329597
5.03003	-2.03758	-0.459374	-0.316172
5.04505	-2.04223	-0.432228	-0.302779
5.06006	-2.04667	-0.404984	-0.289417
5.07508	-2.05092	-0.377649	-0.276085
5.09009	-2.05497	-0.350229	-0.262782
5.10511	-2.05881	-0.322731	-0.249506
5.12012	-2.06246	-0.295159	-0.236257
5.13514	-2.06591	-0.267521	-0.223033
5.15015	-2.06916	-0.239822	-0.209833
5.16517	-2.07221	-0.21207	-0.196655
5.18018	-2.07506	-0.184269	-0.183499
5.1952	-2.07772	-0.156428	-0.170362
5.21021	-2.08018	-0.12855	-0.157245
5.22523	-2.08244	-0.100644	-0.144144
5.24024	-2.08451	-0.0727154	-0.13106
5.25526	-2.08638	-0.0447702	-0.11799
5.27027	-2.08805	-0.0168149	-0.104933
5.28529	-2.08953	0.0111442	-0.0918878
5.3003	-2.09081	0.0391008	-0.0788529
5.31532	-2.0919	0.0670486	-0.0658269
5.33033	-2.09279	0.0949812	-0.0528082
5.34535	-2.09348	0.122892	-0.0397955
5.36036	-2.09398	0.150776	-0.0267872
5.37538	-2.09429	0.178626	-0.013782
5.39039	-2.09439	0.206435	-0.000778323
5.40541	-2.09431	0.234198	0.0122253
5.42042	-2.09403	0.261908	0.0252302
5.43544	-2.09355	0.289558	0.038238
5.45045	-2.09288	0.317144	0.0512501
5.46547	-2.09201	0.344658	0.064268
5.48048	-2.09095	0.372095	0.0772931
5.4955	-2.08969	0.399447	0.0903269
5.51051	-2.08824	0.42671	0.103371
5.52553	-2.08659	0.453876	0.116426
5.54054	-2.08474	0.48094	0.129494
5.55556	-2.0827	0.507895	0.142577
5.57057	-2.08046	0.534736	0.155675
5.58559	-2.07802	0.561457	0.168791
5.6006	-2.07539	0.588051	0.181925
5.61562	-2.07256	0.614512	0.195079
5.63063	-2.06953	0.640835	0.208254
5.64565	-2.06631	0.667013	0.221451
5.66066	-2.06288	0.693041	0.234673
5.67568	-2.05926	0.718913	0.247919
5.69069	-2.05544	0.744622	0.261191
5.70571	-2.05141	0.770164	0.274491
5.72072	-2.04719	0.795532	0.287819
5.73574	-2.04277	0.820721	0.301178
5.75075	-2.03815	0.845725	0.314567
5.76577	-2.03332	0.870538	0.327988
5.78078	-2.0283	0.895154	0.341442
5.7958	-2.02307	0.919569	0.35493
5.81081	-2.01764	0.943777	0.368453
5.82583	-2.01201	0.967772	0.382012
5.84084	-2.00617	0.991549	0.395607
5.85586	-2.00013	1.0151	0.40924
5.87087	-1.99388	1.03843	0.422912
5.88589	-1.98743	1.06152	0.436623
5.9009	-1.98077	1.08437	0.450374
5.91592	-1.9739	1.10697	0.464165
5.93093	-1.96683	1.12933	0.477997
5.94595	-1.95955	1.15143	0.491871
5.96096	-1.95206	1.17328	0.505786
5.97598	-1.94436	1.19485	0.519744
5.99099	-1.93645	1.21616	0.533745
6.00601	-1.92833	1.2372	0.547789
6.02102	-1.92	1.25795	0.561876
6.03604	-1.91146	1.27842	0.576007
6.05105	-1.9027	1.29861	0.590181
6.06607	-1.89373	1.3185	0.604398
6.08108	-1.88455	1.33809	0.618658
6.0961	-1.87515	1.35739	0.632962
6.11111	-1.86554	1.37637	0.647308
6.12613	-1.85571	1.39505	0.661697
6.14114	-1.84567	1.41341	0.676127
6.15616	-1.83541	1.43145	0.690599
6.17117	-1.82493	1.44917	0.705112
6.18619	-1.81424	1.46657	0.719665
6.2012	-1.80332	1.48363	0.734256
6.21622	-1.79219	1.50036	0.748886
6.23123	-1.78083	1.51675	0.763553
6.24625	-1.76926	1.53279	0.778256
6.26126	-1.75746	1.5485	0.792993
6.27628	-1.74544	1.56385	0.807764
6.29129	-1.7332	1.57885	0.822566
6.30631	-1.72074	1.5935	0.837398
6.32132	-1.70805	1.60778	0.852258
6.33634	-1.69515	1.6217	0.867145
6.35135	-1.68201	1.63526	0.882056
6.36637	-1.66866	1.64845	0.896989
6.38138	-1.65508	1.66127	0.911941
6.3964	-1.64127	1.67371	0.926911
6.41141	-1.62724	1.68578	0.941896
6.42643	-1.61299	1.69746	0.956892
6.44144	-1.59851	1.70876	0.971898
6.45646	-1.5838	1.71968	0.98691
6.47147	-1.56887	1.73021	1.00192
6.48649	-1.55371	1.74035	1.01694
6.5015	-1.53833	1.7501	1.03195
6.51652	-1.52272	1.75945	1.04695
6.53153	-1.50689	1.76841	1.06194
6.54655	-1.49083	1.77696	1.07692
6.56156	-1.47455	1.78512	1.09188
6.57658	-1.45804	1.79287	1.10681
6.59159	-1.44131	1.80022	1.12171
6.60661	-1.42436	1.80717	1.13659
6.62162	-1.40718	1.81371	1.15142
6.63664	-1.38978	1.81983	1.16621
6.65165	-1.37216	1.82555	1.18096
6.66667	-1.35432	1.83086	1.19565
6.68168	-1.33626	1.83575	1.21029
6.6967	-1.31797	1.84023	1.22486
6.71171	-1.29947	1.84429	1.23936
6.72673	-1.28076	1.84794	1.25379
6.74174	-1.26182	1.85118	1.26813
6.75676	-1.24268	1.85399	1.28239
6.77177	-1.22331	1.85639	1.29656
6.78679	-1.20374	1.85837	1.31063
6.8018	-1.18396	1.85992	1.32459
6.81682	-1.16396	1.86106	1.33843
6.83183	-1.14376	1.86179	1.35216
6.84685	-1.12336	1.86209	1.36577
6.86186	-1.10275	1.86197	1.37923
6.87688	-1.08194	1.86143	1.39256
6.89189	-1.06093	1.86047	1.40574
6.90691	-1.03973	1.85909	1.41877
6.92192	-1.01833	1.85729	1.43164
6.93694	-0.996736	1.85508	1.44433
6.95195	-0.974955	1.85245	1.45685
6.96697	-0.952987	1.84939	1.46918
6.98198	-0.930836	1.84592	1.48133
6.997	-0.908504	1.84204	1.49327
7.01201	-0.885994	1.83774	1.505
7.02703	-0.86331	1.83303	1.51653
7.04204	-0.840454	1.8279	1.52783
7.05706	-0.81743	1.82236	1.53889
7.07207	-0.794242	1.81641	1.54973
7.08709	-0.770893	1.81005	1.56031
7.1021	-0.747387	1.80328	1.57065
7.11712	-0.723728	1.79611	1.58072
7.13213	-0.699919	1.78853	1.59053
7.14715	-0.675965	1.78054	1.60006
7.16216	-0.651871	1.77216	1.60932
7.17718	-0.627639	1.76338	1.61828
7.19219	-0.603275	1.75419	1.62695
7.20721	-0.578783	1.74462	1.63532
7.22222	-0.554168	1.73465	1.64337
7.23724	-0.529434	1.72429	1.65112
7.25225	-0.504587	1.71354	1.65854
7.26727	-0.47963	1.7024	1.66563
7.28228	-0.454569	1.69088	1.67239
7.2973	-0.42941	1.67898	1.67882
7.31231	-0.404156	1.6667	1.68489
7.32733	-0.378814	1.65404	1.69062
7.34234	-0.353388	1.64102	1.696
7.35736	-0.327885	1.62762	1.70101
7.37237	-0.302309	1.61385	1.70567
7.38739	-0.276665	1.59972	1.70995
7.4024	-0.250961	1.58523	1.71387
7.41742	-0.2252	1.57039	1.71741
7.43243	-0.199389	1.55519	1.72057
7.44745	-0.173533	1.53963	1.72336
7.46246	-0.147638	1.52374	1.72576
7.47748	-0.12171	1.50749	1.72777
7.49249	-0.0957549	1.49091	1.7294
7.50751	-0.069778	1.47399	1.73065
7.52252	-0.0437855	1.45674	1.7315
7.53754	-0.0177831	1.43916	1.73196
7.55255	0.00822337	1.42126	1.73203
7.56757	0.0342279	1.40304	1.73171
7.58258	0.0602248	1.3845	1.731
7.5976	0.0862081	1.36564	1.72991
7.61261	0.112172	1.34648	1.72842
7.62763	0.138111	1.32702	1.72654
7.64264	0.164018	1.30726	1.72428
7.65766	0.189889	1.2872	1.72164
7.67267	0.215717	1.26685	1.71862
7.68769	0.241497	1.24622	1.71521
7.7027	0.267223	1.2253	1.71144
7.71772	0.29289	1.20411	1.70729
7.73273	0.318491	1.18265	1.70277
7.74775	0.344022	1.16092	1.69788
7.76276	0.369477	1.13893	1.69264
7.77778	0.394851	1.11668	1.68704
7.79279	0.420137	1.09418	1.68109
7.80781	0.445332	1.07144	1.67479
7.82282	0.47043	1.04845	1.66816
7.83784	0.495425	1.02523	1.66118
7.85285	0.520313	1.00177	1.65388
7.86787	0.54509	0.978092	1.64626
7.88288	0.569749	0.954191	1.63831
7.8979	0.594287	0.930075	1.63006
7.91291	0.618698	0.905749	1.6215
7.92793	0.642979	0.881218	1.61265
7.94294	0.667125	0.85649	1.6035
7.95796	0.691131	0.831568	1.59407
7.97297	0.714993	0.806458	1.58436
7.98799	0.738708	0.781167	1.57438
8.003	0.76227	0.7557	1.56414
8.01802	0.785678	0.730062	1.55365
8.03303	0.808925	0.70426	1.5429
8.04805	0.83201	0.678299	1.53192
8.06306	0.854928	0.652185	1.52071
8.07808	0.877676	0.625924	1.50927
8.09309	0.90025	0.599522	1.49761
8.10811	0.922648	0.572985	1.48574
8.12312	0.944866	0.546319	1.47367
8.13814	0.966901	0.519529	1.46141
8.15315	0.988751	0.492622	1.44895
8.16817	1.01041	0.465605	1.43632
8.18318	1.03188	0.438482	1.42352
8.1982	1.05316	0.41126	1.41055
8.21321	1.07424	0.383946	1.39743
8.22823	1.09512	0.356545	1.38415
8.24324	1.11581	0.329064	1.37073
8.25826	1.13629	0.301508	1.35718
8.27327	1.15656	0.273885	1.34349
8.28829	1.17663	0.2462	1.32969
8.3033	1.19649	0.218459	1.31577
8.31832	1.21614	0.190669	1.30174
8.33333	1.23558	0.162836	1.28761
8.34835	1.25481	0.134967	1.27338
8.36336	1.27382	0.107067	1.25907
8.37838	1.29262	0.0791427	1.24467
8.39339	1.3112	0.0512007	1.2302
8.40841	1.32956	0.0232472	1.21565
8.42342	1.3477	-0.00471163	1.20104
8.43844	1.36563	-0.0326694	1.18637
8.45345	1.38333	-0.0606197	1.17164
8.46847	1.40081	-0.0885564	1.15686
8.48348	1.41807	-0.116473	1.14204
8.4985	1.43511	-0.144364	1.12718
8.51351	1.45192	-0.172222	1.11229
8.52853	1.46851	-0.200041	1.09737
8.54354	1.48487	-0.227815	1.08242
8.55856	1.50101	-0.255537	1.06745
8.57357	1.51693	-0.283202	1.05246
8.58859	1.53262	-0.310803	1.03746
8.6036	1.54809	-0.338335	1.02246
8.61862	1.56332	-0.365789	1.00744
8.63363	1.57834	-0.393162	0.992429
8.64865	1.59313	-0.420446	0.977416
8.66366	1.60769	-0.447634	0.962408
8.67868	1.62203	-0.474723	0.947407
8.69369	1.63614	-0.501704	0.932418
8.70871	1.65003	-0.528571	0.917442
8.72372	1.66369	-0.55532	0.902483
8.73874	1.67713	-0.581944	0.887542
8.75375	1.69035	-0.608436	0.872623
8.76877	1.70334	-0.634791	0.857727
8.78378	1.7161	-0.661003	0.842857
8.7988	1.72865	-0.687066	0.828015
8.81381	1.74097	-0.712974	0.813201
8.82883	1.75307	-0.738722	0.798419
8.84384	1.76495	-0.764303	0.783669
8.85886	1.7766	-0.789711	0.768953
8.87387	1.78804	-0.814942	0.754273
8.88889	1.79925	-0.839989	0.73963
8.9039	1.81025	-0.864846	0.725024
8.91892	1.82103	-0.889508	0.710457
8.93393	1.83158	-0.91397	0.695929
8.94895	1.84192	-0.938226	0.681442
8.96396	1.85205	-0.962271	0.666997
8.97898	1.86195	-0.986098	0.652592
8.99399	1.87165	-1.0097	0.638231
9.00901	1.88112	-1.03308	0.623911
9.02402	1.89038	-1.05622	0.609635
9.03904	1.89943	-1.07913	0.595402
9.05405	1.90826	-1.10179	0.581212
9.06907	1.91688	-1.12421	0.567066
9.08408	1.92529	-1.14637	0.552963
9.0991	1.93349	-1.16827	0.538903
9.11411	1.94147	-1.18991	0.524886
9.12913	1.94925	-1.21128	0.510912
9.14414	1.95682	-1.23238	0.496981
9.15916	1.96417	-1.2532	0.483092
9.17417	1.97132	-1.27374	0.469244
9.18919	1.97827	-1.29399	0.455438
9.2042	1.985	-1.31395	0.441673
9.21922	1.99153	-1.33361	0.427948
9.23423	1.99785	-1.35297	0.414262
9.24925	2.00397	-1.37203	0.400614
9.26426	2.00988	-1.39078	0.387005
9.27928	2.01559	-1.40921	0.373433
9.29429	2.0211	-1.42733	0.359897
9.30931	2.0264	-1.44512	0.346396
9.32432	2.0315	-1.46259	0.332929
9.33934	2.0364	-1.47973	0.319496
9.35435	2.0411	-1.49654	0.306096
9.36937	2.04559	-1.51301	0.292726
9.38438	2.04989	-1.52913	0.279387
9.3994	2.05398	-1.54491	0.266077
9.41441	2.05788	-1.56035	0.252794
9.42943	2.06157	-1.57543	0.239539
9.44444	2.06507	-1.59016	0.226309
9.45946	2.06837	-1.60453	0.213103
9.47447	2.07147	-1.61853	0.199919
9.48949	2.07437	-1.63217	0.186758
9.5045	2.07708	-1.64545	0.173617
9.51952	2.07959	-1.65835	0.160495
9.53453	2.0819	-1.67088	0.14739
9.54955	2.08401	-1.68303	0.134302
9.56456	2.08593	-1.69481	0.121228
9.57958	2.08765	-1.7062	0.108168
9.59459	2.08918	-1.7172	0.0951205
9.60961	2.09051	-1.72782	0.0820832
9.62462	2.09164	-1.73805	0.0690551
9.63964	2.09258	-1.74789	0.0560347
9.65465	2.09333	-1.75733	0.0430206
9.66967	2.09388	-1.76638	0.0300114
9.68468	2.09423	-1.77503	0.0170056
9.6997	2.09439	-1.78328	0.00400167
9.71471	2.09435	-1.79113	-0.00900181
9.72973	2.09412	-1.79857	-0.0220063
9.74474	2.09369	-1.80561	-0.0350133
9.75976	2.09306	-1.81224	-0.0480242
9.77477	2.09225	-1.81846	-0.0610405
9.78979	2.09123	-1.82427	-0.0740636
9.8048	2.09002	-1.82967	-0.0870951
9.81982	2.08862	-1.83466	-0.100136
9.83483	2.08701	-1.83924	-0.113189
9.84985	2.08522	-1.8434	-0.126254
9.86486	2.08322	-1.84714	-0.139333
9.87988	2.08103	-1.85047	-0.152427
9.89489	2.07864	-1.85338	-0.165538
9.90991	2.07606	-1.85587	-0.178668
9.92492	2.07328	-1.85795	-0.191816
9.93994	2.0703	-1.8596	-0.204986
9.95495	2.06712	-1.86084	-0.218178
9.96997	2.06375	-1.86166	-0.231393
9.98498	2.06017	-1.86205	-0.244633
10	2.0564	-1.86203	-0.257899
10.015	2.05243	-1.86159	-0.271192
10.03	2.04826	-1.86073	-0.284513
10.045	2.04389	-1.85945	-0.297863
10.0601	2.03931	-1.85775	-0.311245
10.0751	2.03454	-1.85563	-0.324658
10.0901	2.02956	-1.85309	-0.338104
10.1051	2.02439	-1.85013	-0.351583
10.1201	2.01901	-1.84676	-0.365097
10.1351	2.01342	-1.84297	-0.378647
10.1502	2.00763	-1.83877	-0.392234
10.1652	2.00164	-1.83415	-0.405857
10.1802	1.99545	-1.82911	-0.41952
10.1952	1.98904	-1.82367	-0.433221
10.2102	1.98244	-1.81781	-0.446961
10.2252	1.97562	-1.81155	-0.460742
10.2402	1.9686	-1.80487	-0.474564
10.2553	1.96137	-1.79779	-0.488428
10.2703	1.95393	-1.79031	-0.502333
10.2853	1.94629	-1.78242	-0.51628
10.3003	1.93843	-1.77412	-0.530271
10.3153	1.93036	-1.76543	-0.544304
10.3303	1.92208	-1.75634	-0.55838
10.3453	1.91359	-1.74686	-0.5725
10.3604	1.90489	-1.73698	-0.586663
10.3754	1.89597	-1.72671	-0.60087
10.3904	1.88685	-1.71604	-0.615119
10.4054	1.8775	-1.705	-0.629412
10.4204	1.86794	-1.69357	-0.643748
10.4354	1.85817	-1.68175	-0.658126
10.4505	1.84818	-1.66956	-0.672546
10.4655	1.83797	-1.65699	-0.687008
10.4805	1.82755	-1.64405	-0.701511
10.4955	1.81691	-1.63073	-0.716053
10.5105	1.80605	-1.61705	-0.730636
10.5255	1.79497	-1.60301	-0.745256
10.5405	1.78367	-1.5886	-0.759914
10.5556	1.77215	-1.57383	-0.774608
10.5706	1.7604	-1.55871	-0.789337
10.5856	1.74844	-1.54324	-0.804099
10.6006	1.73626	-1.52742	-0.818894
10.6156	1.72385	-1.51126	-0.833719
10.6306	1.71122	-1.49476	-0.848572
10.6456	1.69837	-1.47791	-0.863452
10.6607	1.68529	-1.46074	-0.878357
10.6757	1.67199	-1.44324	-0.893285
10.6907	1.65847	-1.42541	-0.908233
10.7057	1.64472	-1.40726	-0.923199
10.7207	1.63074	-1.38879	-0.93818
10.7357	1.61654	-1.37001	-0.953174
10.7508	1.60212	-1.35092	-0.968178
10.7658	1.58747	-1.33152	-0.983188
10.7808	1.57259	-1.31183	-0.998203
10.7958	1.55749	-1.29184	-1.01322
10.8108	1.54217	-1.27156	-1.02823
10.8258	1.52661	-1.25099	-1.04323
10.8408	1.51084	-1.23014	-1.05823
10.8559	1.49484	-1.20901	-1.07321
10.8709	1.47861	-1.18761	-1.08817
10.8859	1.46216	-1.16594	-1.10311
10.9009	1.44548	-1.14401	-1.11802
10.9159	1.42858	-1.12182	-1.1329
10.9309	1.41146	-1.09938	-1.14775
10.9459	1.39412	-1.07669	-1.16255
10.961	1.37655	-1.05376	-1.17731
10.976	1.35876	-1.03059	-1.19201
10.991	1.34075	-1.00719	-1.20666
11.006	1.32253	-0.98356	-1.22125
11.021	1.30408	-0.959709	-1.23577
11.036	1.28542	-0.935642	-1.25022
11.0511	1.26654	-0.911364	-1.26458
11.0661	1.24744	-0.88688	-1.27887
11.0811	1.22813	-0.862196	-1.29306
11.0961	1.20861	-0.837318	-1.30715
11.1111	1.18888	-0.812252	-1.32114
11.1261	1.16894	-0.787002	-1.33501
11.1411	1.14879	-0.761575	-1.34877
11.1562	1.12844	-0.735976	-1.36241
11.1712	1.10788	-0.710211	-1.37591
11.1862	1.08712	-0.684286	-1.38927
11.2012	1.06616	-0.658207	-1.40249
11.2162	1.045	-0.631979	-1.41556
11.2312	1.02365	-0.605609	-1.42846
11.2462	1.00211	-0.579102	-1.4412
11.2613	0.980371	-0.552465	-1.45376
11.2763	0.95845	-0.525703	-1.46614
11.2913	0.936344	-0.498823	-1.47833
11.3063	0.914056	-0.47183	-1.49033
11.3213	0.89159	-0.444731	-1.50212
11.3363	0.868949	-0.417532	-1.51369
11.3514	0.846135	-0.390238	-1.52505
11.3664	0.823153	-0.362857	-1.53617
11.3814	0.800005	-0.335393	-1.54706
11.3964	0.776696	-0.307854	-1.55771
11.4114	0.753228	-0.280246	-1.56811
11.4264	0.729607	-0.252575	-1.57825
11.4414	0.705835	-0.224846	-1.58812
11.4565	0.681917	-0.197067	-1.59773
11.4715	0.657856	-0.169244	-1.60705
11.4865	0.633658	-0.141382	-1.61609
11.5015	0.609327	-0.113488	-1.62483
11.5165	0.584866	-0.0855691	-1.63327
11.5315	0.560281	-0.0576306	-1.64141
11.5465	0.535576	-0.0296791	-1.64923
11.5616	0.510756	-0.00172101	-1.65673
11.5766	0.485826	0.0262375	-1.6639
11.5916	0.460791	0.0541901	-1.67075
11.6066	0.435655	0.0821305	-1.67726
11.6216	0.410425	0.110052	-1.68342
11.6366	0.385104	0.137949	-1.68924
11.6517	0.359699	0.165815	-1.6947
11.6667	0.334214	0.193644	-1.6998
11.6817	0.308655	0.221429	-1.70455
11.6967	0.283028	0.249164	-1.70893
11.7117	0.257338	0.276843	-1.71293
11.7267	0.23159	0.304459	-1.71657
11.7417	0.205791	0.332007	-1.71983
11.7568	0.179946	0.35948	-1.7227
11.7718	0.15406	0.386872	-1.7252
11.7868	0.12814	0.414177	-1.72731
11.8018	0.102191	0.441388	-1.72904
11.8168	0.076219	0.4685	-1.73037
11.8318	0.0502298	0.495506	-1.73132
11.8468	0.0242292	0.5224	-1.73188
11.8619	-0.00177673	0.549177	-1.73205
11.8769	-0.0277823	0.57583	-1.73183
11.8919	-0.0537816	0.602353	-1.73122
11.9069	-0.0797688	0.62874	-1.73021
11.9219	-0.105738	0.654986	-1.72882
11.9369	-0.131683	0.681083	-1.72705
11.952	-0.157599	0.707028	-1.72488
11.967	-0.18348	0.732813	-1.72233
11.982	-0.209319	0.758432	-1.7194
11.997	-0.235112	0.783881	-1.71609
12.012	-0.260852	0.809153	-1.71241
12.027	-0.286533	0.834243	-1.70835
12.042	-0.312152	0.859144	-1.70392
12.0571	-0.3377	0.883852	-1.69913
12.0721	-0.363175	0.90836	-1.69397
12.0871	-0.388569	0.932664	-1.68846
12.1021	-0.413877	0.956758	-1.6826
12.1171	-0.439095	0.980635	-1.67639
12.1321	-0.464218	1.00429	-1.66983
12.1471	-0.489239	1.02772	-1.66294
12.1622	-0.514154	1.05092	-1.65572
12.1772	-0.538959	1.07388	-1.64818
12.1922	-0.563647	1.0966	-1.64031
12.2072	-0.588216	1.11907	-1.63213
12.2222	-0.612659	1.14129	-1.62365
12.2372	-0.636973	1.16326	-1.61487
12.2523	-0.661152	1.18496	-1.60579
12.2673	-0.685193	1.20639	-1.59643
12.2823	-0.709092	1.22755	-1.58679
12.2973	-0.732843	1.24844	-1.57688
12.3123	-0.756444	1.26904	-1.5667
12.3273	-0.77989	1.28936	-1.55627
12.3423	-0.803178	1.30938	-1.54559
12.3574	-0.826303	1.32911	-1.53467
12.3724	-0.849262	1.34855	-1.52351
12.3874	-0.872053	1.36767	-1.51212
12.4024	-0.89467	1.38649	-1.50052
12.4174	-0.917112	1.405	-1.4887
12.4324	-0.939375	1.42319	-1.47668
12.4474	-0.961456	1.44106	-1.46446
12.4625	-0.983352	1.4586	-1.45206
12.4775	-1.00506	1.47582	-1.43947
12.4925	-1.02658	1.4927	-1.42671
12.5075	-1.0479	1.50925	-1.41378
12.5225	-1.06903	1.52545	-1.40069
12.5375	-1.08997	1.54131	-1.38745
12.5526	-1.1107	1.55683	-1.37407
12.5676	-1.13123	1.57199	-1.36055
12.5826	-1.15155	1.5868	-1.3469
12.5976	-1.17168	1.60125	-1.33312
12.6126	-1.19159	1.61534	-1.31923
12.6276	-1.21129	1.62907	-1.30523
12.6426	-1.23078	1.64243	-1.29112
12.6577	-1.25006	1.65542	-1.27692
12.6727	-1.26913	1.66803	-1.26263
12.6877	-1.28798	1.68027	-1.24825
12.7027	-1.30661	1.69213	-1.23379
12.7177	-1.32503	1.70361	-1.21926
12.7327	-1.34323	1.71471	-1.20467
12.7477	-1.36121	1.72541	-1.19001
12.7628	-1.37896	1.73573	-1.17529
12.7778	-1.3965	1.74566	-1.16053
12.7928	-1.41381	1.7552	-1.14572
12.8078	-1.43091	1.76433	-1.13087
12.8228	-1.44777	1.77308	-1.11599
12.8378	-1.46442	1.78142	-1.10107
12.8529	-1.48084	1.78936	-1.08613
12.8679	-1.49703	1.79689	-1.07116
12.8829	-1.51301	1.80402	-1.05618
12.8979	-1.52875	1.81075	-1.04118
12.9129	-1.54427	1.81706	-1.02618
12.9279	-1.55957	1.82297	-1.01117
12.9429	-1.57464	1.82847	-0.996151
12.958	-1.58948	1.83355	-0.981137
12.973	-1.6041	1.83822	-0.966127
12.988	-1.6185	1.84248	-0.951125
13.003	-1.63266	1.84632	-0.936132
13.018	-1.64661	1.84974	-0.921153
13.033	-1.66033	1.85275	-0.906189
13.048	-1.67382	1.85534	-0.891244
13.0631	-1.68709	1.85751	-0.876319
13.0781	-1.70014	1.85926	-0.861418
13.0931	-1.71296	1.86059	-0.846541
13.1081	-1.72556	1.86151	-0.831691
13.1231	-1.73793	1.862	-0.81687
13.1381	-1.75009	1.86207	-0.80208
13.1532	-1.76202	1.86173	-0.787322
13.1682	-1.77373	1.86096	-0.772598
13.1832	-1.78522	1.85978	-0.757909
13.1982	-1.79649	1.85817	-0.743256
13.2132	-1.80754	1.85615	-0.728641
13.2282	-1.81837	1.85371	-0.714064
13.2432	-1.82899	1.85085	-0.699527
13.2583	-1.83938	1.84757	-0.68503
13.2733	-1.84956	1.84388	-0.670574
13.2883	-1.85952	1.83977	-0.656159
13.3033	-1.86926	1.83525	-0.641787
13.3183	-1.87879	1.83031	-0.627457
13.3333	-1.88811	1.82496	-0.61317
13.3483	-1.89721	1.8192	-0.598926
13.3634	-1.90609	1.81303	-0.584725
13.3784	-1.91476	1.80645	-0.570568
13.3934	-1.92323	1.79946	-0.556454
13.4084	-1.93148	1.79206	-0.542384
13.4234	-1.93951	1.78427	-0.528357
13.4384	-1.94734	1.77607	-0.514372
13.4535	-1.95496	1.76747	-0.50043
13.4685	-1.96237	1.75847	-0.486531
13.4835	-1.96957	1.74907	-0.472673
13.4985	-1.97657	1.73928	-0.458857
13.5135	-1.98335	1.7291	-0.445081
13.5285	-1.98993	1.71853	-0.431346
13.5435	-1.9963	1.70757	-0.417651
13.5586	-2.00247	1.69623	-0.403994
13.5736	-2.00844	1.6845	-0.390375
13.5886	-2.0142	1.6724	-0.376794
13.6036	-2.01975	1.65991	-0.363249
13.6186	-2.02511	1.64706	-0.349739
13.6336	-2.03026	1.63383	-0.336264
13.6486	-2.0352	1.62023	-0.322823
13.6637	-2.03995	1.60627	-0.309415
13.6787	-2.0445	1.59195	-0.296038
13.6937	-2.04884	1.57726	-0.282691
13.7087	-2.05298	1.56222	-0.269374
13.7237	-2.05693	1.54683	-0.256084
13.7387	-2.06067	1.53109	-0.242822
13.7538	-2.06422	1.51501	-0.229586
13.7688	-2.06757	1.49858	-0.216374
13.7838	-2.07072	1.48182	-0.203185
13.7988	-2.07367	1.46472	-0.190019
13.8138	-2.07643	1.44729	-0.176872
13.8288	-2.07898	1.42954	-0.163746
13.8438	-2.08134	1.41146	-0.150637
13.8589	-2.08351	1.39307	-0.137545
13.8739	-2.08547	1.37436	-0.124468
13.8889	-2.08724	1.35534	-0.111405
13.9039	-2.08882	1.33601	-0.0983538
13.9189	-2.0902	1.31639	-0.085314
13.9339	-2.09138	1.29646	-0.0722837
13.9489	-2.09237	1.27625	-0.0592616
13.964	-2.09316	1.25575	-0.0462461
13.979	-2.09376	1.23496	-0.0332358
13.994	-2.09416	1.2139	-0.0202293
14.009	-2.09436	1.19256	-0.00722504
14.024	-2.09438	1.17095	0.00577841
14.039	-2.09419	1.14908	0.0187825
14.0541	-2.09381	1.12695	0.0317887
14.0691	-2.09324	1.10457	0.0447985
14.0841	-2.09247	1.08193	0.0578134
14.0991	-2.0915	1.05906	0.0708347
14.1141	-2.09034	1.03594	0.083864
14.1291	-2.08898	1.01259	0.0969026
14.1441	-2.08743	0.989016	0.109952
14.1592	-2.08568	0.965216	0.123014
14.1742	-2.08374	0.941198	0.136089
14.1892	-2.08159	0.916968	0.14918
14.2042	-2.07926	0.892531	0.162287
14.2192	-2.07672	0.867893	0.175411
14.2342	-2.07399	0.843059	0.188555
14.2492	-2.07106	0.818035	0.201719
14.2643	-2.06793	0.792827	0.214906
14.2793	-2.0646	0.76744	0.228115
14.2943	-2.06108	0.74188	0.241348
14.3093	-2.05736	0.716153	0.254608
14.3243	-2.05343	0.690264	0.267894
14.3393	-2.04931	0.66422	0.281208
14.3544	-2.04499	0.638026	0.294551
14.3694	-2.04047	0.611688	0.307925
14.3844	-2.03574	0.585212	0.32133
14.3994	-2.03082	0.558605	0.334767
14.4144	-2.02569	0.531871	0.348238
14.4294	-2.02036	0.505017	0.361744
14.4444	-2.01482	0.47805	0.375285
14.4595	-2.00909	0.450975	0.388862
14.4745	-2.00315	0.423798	0.402477
14.4895	-1.997	0.396526	0.416129
14.5045	-1.99065	0.369164	0.429821
14.5195	-1.98409	0.341719	0.443551
14.5345	-1.97733	0.314197	0.457322
14.5495	-1.97036	0.286604	0.471134
14.5646	-1.96318	0.258946	0.484987
14.5796	-1.9558	0.23123	0.498882
14.5946	-1.9482	0.203462	0.512819
14.6096	-1.9404	0.175649	0.526799
14.6246	-1.93238	0.147795	0.540821
14.6396	-1.92415	0.119908	0.554887
14.6547	-1.91572	0.0919944	0.568996
14.6697	-1.90707	0.0640598	0.583148
14.6847	-1.8982	0.0361108	0.597344
14.6997	-1.88913	0.00815362	0.611583
14.7147	-1.87984	-0.0198054	0.625865
14.7297	-1.87033	-0.0477599	0.64019
14.7447	-1.86061	-0.0757037	0.654558
14.7598	-1.85068	-0.10363	0.668968
14.7748	-1.84052	-0.131534	0.683419
14.7898	-1.83015	-0.159407	0.697912
14.8048	-1.81957	-0.187245	0.712445
14.8198	-1.80876	-0.215041	0.727017
14.8348	-1.79773	-0.242788	0.741628
14.8498	-1.78649	-0.27048	0.756277
14.8649	-1.77502	-0.298111	0.770962
14.8799	-1.76334	-0.325675	0.785682
14.8949	-1.75143	-0.353166	0.800437
14.9099	-1.7393	-0.380577	0.815223
14.9249	-1.72695	-0.407903	0.830041
14.9399	-1.71437	-0.435136	0.844888
14.955	-1.70157	-0.462271	0.859761
14.97	-1.68855	-0.489302	0.87466
14.985	-1.67531	-0.516223	0.889583
15	-1.66184	-0.543027	0.904526
