0	0.785398	0.785398	1
0.015015	0.800333	0.800324	0.989304
0.03003	0.815106	0.81507	0.978452
0.045045	0.829715	0.829631	0.967449
0.0600601	0.844158	0.844006	0.956299
0.0750751	0.858432	0.85819	0.945006
0.0900901	0.872536	0.872181	0.933573
0.105105	0.886467	0.885976	0.922005
0.12012	0.900223	0.89957	0.910306
0.135135	0.913803	0.912962	0.898479
0.15015	0.927204	0.926148	0.886528
0.165165	0.940425	0.939125	0.874458
0.18018	0.953463	0.951891	0.862271
0.195195	0.966318	0.964441	0.849972
0.21021	0.978987	0.976775	0.837564
0.225225	0.99147	0.988888	0.82505
0.24024	1.00376	1.00078	0.812435
0.255255	1.01587	1.01244	0.799721
0.27027	1.02778	1.02388	0.786912
0.285285	1.0395	1.03508	0.774012
0.3003	1.05102	1.04606	0.761023
0.315315	1.06235	1.05679	0.747949
0.33033	1.07348	1.06729	0.734793
0.345345	1.08442	1.07755	0.721558
0.36036	1.09515	1.08756	0.708246
0.375375	1.10568	1.09733	0.694862
0.39039	1.11602	1.10685	0.681407
0.405405	1.12615	1.11613	0.667885
0.42042	1.13607	1.12515	0.654298
0.435435	1.14579	1.13392	0.640649
0.45045	1.15531	1.14243	0.626941
0.465465	1.16462	1.15068	0.613175
0.48048	1.17372	1.15868	0.599355
0.495495	1.18262	1.16641	0.585482
0.510511	1.19131	1.17388	0.571559
0.525526	1.19978	1.18108	0.557589
0.540541	1.20805	1.18802	0.543573
0.555556	1.21611	1.1947	0.529514
0.570571	1.22395	1.2011	0.515413
0.585586	1.23158	1.20723	0.501273
0.600601	1.239	1.21309	0.487095
0.615616	1.24621	1.21867	0.472881
0.630631	1.25321	1.22399	0.458634
0.645646	1.25998	1.22902	0.444354
0.660661	1.26655	1.23378	0.430043
0.675676	1.2729	1.23826	0.415703
0.690691	1.27903	1.24246	0.401336
0.705706	1.28495	1.24638	0.386943
0.720721	1.29065	1.25002	0.372525
0.735736	1.29614	1.25338	0.358084
0.750751	1.30141	1.25645	0.343621
0.765766	1.30646	1.25924	0.329138
0.780781	1.31129	1.26175	0.314635
0.795796	1.3159	1.26398	0.300113
0.810811	1.3203	1.26592	0.285575
0.825826	1.32448	1.26757	0.271021
0.840841	1.32844	1.26894	0.256452
0.855856	1.33218	1.27002	0.241869
0.870871	1.3357	1.27081	0.227273
0.885886	1.33901	1.27132	0.212665
0.900901	1.34209	1.27154	0.198046
0.915916	1.34495	1.27148	0.183417
0.930931	1.3476	1.27113	0.168779
0.945946	1.35002	1.27049	0.154133
0.960961	1.35223	1.26957	0.139478
0.975976	1.35421	1.26835	0.124817
0.990991	1.35597	1.26686	0.11015
1.00601	1.35752	1.26508	0.0954778
1.02102	1.35884	1.26301	0.0808008
1.03604	1.35994	1.26066	0.06612
1.05105	1.36083	1.25802	0.0514361
1.06607	1.36149	1.2551	0.0367498
1.08108	1.36193	1.2519	0.0220617
1.0961	1.36215	1.24841	0.00737264
1.11111	1.36215	1.24465	-0.0073168
1.12613	1.36193	1.2406	-0.0220059
1.14114	1.36149	1.23627	-0.036694
1.15616	1.36083	1.23167	-0.0513803
1.17117	1.35995	1.22678	-0.0660642
1.18619	1.35885	1.22162	-0.080745
1.2012	1.35752	1.21619	-0.095422
1.21622	1.35598	1.21048	-0.110094
1.23123	1.35422	1.2045	-0.124762
1.24625	1.35223	1.19824	-0.139423
1.26126	1.35003	1.19172	-0.154077
1.27628	1.34761	1.18493	-0.168724
1.29129	1.34496	1.17787	-0.183362
1.30631	1.3421	1.17054	-0.197991
1.32132	1.33902	1.16295	-0.21261
1.33634	1.33572	1.1551	-0.227218
1.35135	1.3322	1.14699	-0.241813
1.36637	1.32845	1.13862	-0.256396
1.38138	1.3245	1.12999	-0.270966
1.3964	1.32032	1.12111	-0.28552
1.41141	1.31592	1.11198	-0.300058
1.42643	1.31131	1.10259	-0.314579
1.44144	1.30647	1.09296	-0.329082
1.45646	1.30142	1.08308	-0.343566
1.47147	1.29616	1.07295	-0.358029
1.48649	1.29067	1.06259	-0.37247
1.5015	1.28497	1.05198	-0.386888
1.51652	1.27906	1.04114	-0.401282
1.53153	1.27292	1.03006	-0.415649
1.54655	1.26657	1.01875	-0.429989
1.56156	1.26001	1.00721	-0.444299
1.57658	1.25323	0.995444	-0.458579
1.59159	1.24624	0.983452	-0.472827
1.60661	1.23903	0.97124	-0.487041
1.62162	1.23161	0.958808	-0.501219
1.63664	1.22398	0.94616	-0.51536
1.65165	1.21614	0.933299	-0.529461
1.66667	1.20808	0.920227	-0.54352
1.68168	1.19982	0.906948	-0.557536
1.6967	1.19134	0.893464	-0.571506
1.71171	1.18265	0.879779	-0.585429
1.72673	1.17376	0.865896	-0.599302
1.74174	1.16466	0.851817	-0.613122
1.75676	1.15535	0.837546	-0.626888
1.77177	1.14583	0.823087	-0.640597
1.78679	1.13611	0.808442	-0.654246
1.8018	1.12618	0.793615	-0.667834
1.81682	1.11606	0.778609	-0.681356
1.83183	1.10572	0.763427	-0.694811
1.84685	1.09519	0.748073	-0.708196
1.86186	1.08446	0.73255	-0.721507
1.87688	1.07352	0.716863	-0.734743
1.89189	1.06239	0.701014	-0.747899
1.90691	1.05106	0.685006	-0.760973
1.92192	1.03954	0.668845	-0.773963
1.93694	1.02782	0.652532	-0.786863
1.95195	1.01591	0.636072	-0.799673
1.96697	1.00381	0.619469	-0.812387
1.98198	0.991517	0.602727	-0.825002
1.997	0.979035	0.585848	-0.837516
2.01201	0.966367	0.568838	-0.849925
2.02703	0.953512	0.551699	-0.862225
2.04204	0.940474	0.534435	-0.874412
2.05706	0.927254	0.517052	-0.886483
2.07207	0.913854	0.499551	-0.898434
2.08709	0.900275	0.481938	-0.910261
2.1021	0.886519	0.464217	-0.921961
2.11712	0.872589	0.44639	-0.933529
2.13213	0.858486	0.428464	-0.944963
2.14715	0.844213	0.41044	-0.956257
2.16216	0.82977	0.392324	-0.967407
2.17718	0.815162	0.37412	-0.978411
2.19219	0.80039	0.355831	-0.989263
2.20721	0.785455	0.337462	-0.99996
2.22222	0.770362	0.319017	-1.0105
2.23724	0.755111	0.3005	-1.02087
2.25225	0.739706	0.281915	-1.03108
2.26727	0.724148	0.263267	-1.04111
2.28228	0.708442	0.244559	-1.05097
2.2973	0.692589	0.225796	-1.06065
2.31231	0.676591	0.206982	-1.07014
2.32733	0.660453	0.188122	-1.07945
2.34234	0.644176	0.169219	-1.08857
2.35736	0.627764	0.150278	-1.09748
2.37237	0.61122	0.131303	-1.1062
2.38739	0.594546	0.112299	-1.11472
2.4024	0.577746	0.0932692	-1.12302
2.41742	0.560823	0.0742185	-1.13112
2.43243	0.54378	0.0551509	-1.13899
2.44745	0.52662	0.036071	-1.14665
2.46246	0.509347	0.0169829	-1.15409
2.47748	0.491964	-0.00210897	-1.16129
2.49249	0.474474	-0.0212004	-1.16827
2.50751	0.456882	-0.040287	-1.17501
2.52252	0.43919	-0.0593646	-1.18152
2.53754	0.421402	-0.0784288	-1.18778
2.55255	0.403522	-0.0974753	-1.1938
2.56757	0.385554	-0.1165	-1.19957
2.58258	0.3675	-0.135498	-1.20509
2.5976	0.349366	-0.154466	-1.21036
2.61261	0.331154	-0.173399	-1.21537
2.62763	0.31287	-0.192292	-1.22012
2.64264	0.294515	-0.211143	-1.22461
2.65766	0.276096	-0.229946	-1.22884
2.67267	0.257615	-0.248697	-1.2328
2.68769	0.239076	-0.267392	-1.23649
2.7027	0.220484	-0.286026	-1.23991
2.71772	0.201843	-0.304596	-1.24305
2.73273	0.183157	-0.323098	-1.24593
2.74775	0.164429	-0.341527	-1.24852
2.76276	0.145665	-0.359878	-1.25084
2.77778	0.126868	-0.378149	-1.25288
2.79279	0.108042	-0.396334	-1.25464
2.80781	0.0891924	-0.41443	-1.25612
2.82282	0.0703224	-0.432433	-1.25732
2.83784	0.0514366	-0.450338	-1.25823
2.85285	0.0325392	-0.468141	-1.25886
2.86787	0.0136344	-0.485839	-1.25921
2.88288	-0.0052734	-0.503427	-1.25927
2.8979	-0.02418	-0.520902	-1.25905
2.91291	-0.0430812	-0.53826	-1.25854
2.92793	-0.0619727	-0.555496	-1.25775
2.94294	-0.0808502	-0.572607	-1.25668
2.95796	-0.0997095	-0.589588	-1.25533
2.97297	-0.118546	-0.606437	-1.25369
2.98799	-0.137357	-0.62315	-1.25178
3.003	-0.156136	-0.639721	-1.24958
3.01802	-0.17488	-0.656149	-1.24711
3.03303	-0.193585	-0.672428	-1.24436
3.04805	-0.212247	-0.688556	-1.24133
3.06306	-0.230861	-0.704529	-1.23803
3.07808	-0.249424	-0.720343	-1.23446
3.09309	-0.267931	-0.735994	-1.23062
3.10811	-0.286378	-0.75148	-1.22651
3.12312	-0.304762	-0.766796	-1.22214
3.13814	-0.323078	-0.781939	-1.2175
3.15315	-0.341322	-0.796906	-1.21261
3.16817	-0.359491	-0.811693	-1.20745
3.18318	-0.37758	-0.826298	-1.20204
3.1982	-0.395587	-0.840716	-1.19638
3.21321	-0.413507	-0.854944	-1.19047
3.22823	-0.431336	-0.86898	-1.18432
3.24324	-0.44907	-0.88282	-1.17792
3.25826	-0.466707	-0.89646	-1.17128
3.27327	-0.484243	-0.909899	-1.16441
3.28829	-0.501673	-0.923133	-1.1573
3.3033	-0.518995	-0.936158	-1.14997
3.31832	-0.536206	-0.948972	-1.14241
3.33333	-0.553301	-0.961573	-1.13463
3.34835	-0.570277	-0.973957	-1.12663
3.36336	-0.587132	-0.986121	-1.11841
3.37838	-0.603862	-0.998062	-1.10999
3.39339	-0.620464	-1.00978	-1.10136
3.40841	-0.636935	-1.02127	-1.09253
3.42342	-0.653272	-1.03253	-1.08351
3.43844	-0.669472	-1.04355	-1.07428
3.45345	-0.685532	-1.05434	-1.06487
3.46847	-0.701449	-1.0649	-1.05527
3.48348	-0.717221	-1.07521	-1.04549
3.4985	-0.732845	-1.08528	-1.03554
3.51351	-0.748317	-1.09511	-1.02541
3.52853	-0.763637	-1.10469	-1.0151
3.54354	-0.7788	-1.11402	-1.00464
3.55856	-0.793805	-1.12309	-0.994012
3.57357	-0.80865	-1.13192	-0.983228
3.58859	-0.823331	-1.14049	-0.972291
3.6036	-0.837847	-1.1488	-0.961205
3.61862	-0.852195	-1.15686	-0.949974
3.63363	-0.866374	-1.16465	-0.938602
3.64865	-0.880381	-1.17218	-0.927093
3.66366	-0.894214	-1.17945	-0.915451
3.67868	-0.907871	-1.18645	-0.903679
3.69369	-0.921351	-1.19318	-0.891783
3.70871	-0.934651	-1.19965	-0.879764
3.72372	-0.94777	-1.20584	-0.867628
3.73874	-0.960705	-1.21176	-0.855378
3.75375	-0.973456	-1.21741	-0.843017
3.76877	-0.98602	-1.22279	-0.830549
3.78378	-0.998397	-1.22789	-0.817978
3.7988	-1.01058	-1.23271	-0.805307
3.81381	-1.02258	-1.23725	-0.792539
3.82883	-1.03438	-1.24152	-0.779679
3.84384	-1.04599	-1.2455	-0.766728
3.85886	-1.05741	-1.24921	-0.753691
3.87387	-1.06863	-1.25263	-0.74057
3.88889	-1.07965	-1.25577	-0.727369
3.9039	-1.09047	-1.25863	-0.714091
3.91892	-1.10109	-1.2612	-0.700738
3.93393	-1.11151	-1.26349	-0.687314
3.94895	-1.12173	-1.26549	-0.673821
3.96396	-1.13175	-1.26721	-0.660263
3.97898	-1.14156	-1.26865	-0.64664
3.99399	-1.15116	-1.26979	-0.632958
4.00901	-1.16057	-1.27066	-0.619217
4.02402	-1.16976	-1.27123	-0.60542
4.03904	-1.17875	-1.27152	-0.59157
4.05405	-1.18752	-1.27152	-0.577669
4.06907	-1.19609	-1.27123	-0.56372
4.08408	-1.20445	-1.27066	-0.549723
4.0991	-1.2126	-1.2698	-0.535683
4.11411	-1.22054	-1.26866	-0.5216
4.12913	-1.22826	-1.26723	-0.507477
4.14414	-1.23578	-1.26551	-0.493315
4.15916	-1.24308	-1.26351	-0.479117
4.17417	-1.25017	-1.26122	-0.464884
4.18919	-1.25704	-1.25865	-0.450618
4.2042	-1.2637	-1.2558	-0.436321
4.21922	-1.27014	-1.25266	-0.421993
4.23423	-1.27637	-1.24924	-0.407638
4.24925	-1.28238	-1.24554	-0.393256
4.26426	-1.28818	-1.24156	-0.378849
4.27928	-1.29376	-1.23729	-0.364418
4.29429	-1.29912	-1.23275	-0.349964
4.30931	-1.30427	-1.22793	-0.33549
4.32432	-1.3092	-1.22284	-0.320995
4.33934	-1.31391	-1.21746	-0.306482
4.35435	-1.3184	-1.21182	-0.291951
4.36937	-1.32268	-1.2059	-0.277404
4.38438	-1.32673	-1.19971	-0.262841
4.3994	-1.33057	-1.19324	-0.248264
4.41441	-1.33419	-1.18651	-0.233673
4.42943	-1.33759	-1.17952	-0.219071
4.44444	-1.34076	-1.17225	-0.204457
4.45946	-1.34373	-1.16472	-0.189832
4.47447	-1.34647	-1.15693	-0.175198
4.48949	-1.34899	-1.14888	-0.160555
4.5045	-1.35129	-1.14057	-0.145904
4.51952	-1.35337	-1.132	-0.131246
4.53453	-1.35523	-1.12318	-0.116581
4.54955	-1.35687	-1.1141	-0.101911
4.56456	-1.35829	-1.10477	-0.0872358
4.57958	-1.35949	-1.0952	-0.0725566
4.59459	-1.36047	-1.08537	-0.057874
4.60961	-1.36123	-1.0753	-0.0431886
4.62462	-1.36176	-1.06499	-0.0285012
4.63964	-1.36208	-1.05444	-0.0138125
4.65465	-1.36218	-1.04365	0.000876878
4.66967	-1.36206	-1.03263	0.0155662
4.68468	-1.36171	-1.02137	0.0302548
4.6997	-1.36115	-1.00989	0.044942
4.71471	-1.36036	-0.998171	0.0596271
4.72973	-1.35936	-0.986231	0.0743093
4.74474	-1.35813	-0.974069	0.0889881
4.75976	-1.35668	-0.961687	0.103663
4.77477	-1.35502	-0.949089	0.118332
4.78979	-1.35313	-0.936276	0.132996
4.8048	-1.35102	-0.923253	0.147653
4.81982	-1.3487	-0.910021	0.162303
4.83483	-1.34615	-0.896584	0.176945
4.84985	-1.34338	-0.882945	0.191579
4.86486	-1.3404	-0.869107	0.206202
4.87988	-1.33719	-0.855073	0.220815
4.89489	-1.33377	-0.840847	0.235416
4.90991	-1.33012	-0.82643	0.250005
4.92492	-1.32626	-0.811828	0.26458
4.93994	-1.32218	-0.797042	0.279141
4.95495	-1.31788	-0.782077	0.293687
4.96997	-1.31336	-0.766935	0.308215
4.98498	-1.30862	-0.751621	0.322727
5	-1.30367	-0.736137	0.337219
5.01502	-1.29849	-0.720487	0.351691
5.03003	-1.2931	-0.704674	0.366142
5.04505	-1.2875	-0.688703	0.38057
5.06006	-1.28168	-0.672576	0.394975
5.07508	-1.27564	-0.656298	0.409353
5.09009	-1.26938	-0.639872	0.423705
5.10511	-1.26291	-0.623302	0.438029
5.12012	-1.25623	-0.606591	0.452323
5.13514	-1.24933	-0.589743	0.466585
5.15015	-1.24222	-0.572763	0.480814
5.16517	-1.23489	-0.555653	0.495008
5.18018	-1.22735	-0.538418	0.509165
5.1952	-1.2196	-0.521062	0.523284
5.21021	-1.21164	-0.503588	0.537362
5.22523	-1.20347	-0.486	0.551397
5.24024	-1.19508	-0.468303	0.565388
5.25526	-1.18649	-0.450501	0.579331
5.27027	-1.17768	-0.432597	0.593226
5.28529	-1.16867	-0.414595	0.60707
5.3003	-1.15945	-0.3965	0.62086
5.31532	-1.15003	-0.378316	0.634594
5.33033	-1.1404	-0.360046	0.64827
5.34535	-1.13056	-0.341695	0.661885
5.36036	-1.12052	-0.323267	0.675436
5.37538	-1.11028	-0.304766	0.688921
5.39039	-1.09983	-0.286197	0.702336
5.40541	-1.08919	-0.267562	0.71568
5.42042	-1.07834	-0.248868	0.72895
5.43544	-1.0673	-0.230118	0.742141
5.45045	-1.05606	-0.211315	0.755252
5.46547	-1.04462	-0.192465	0.768279
5.48048	-1.03298	-0.173572	0.781219
5.4955	-1.02116	-0.154639	0.794068
5.51051	-1.00914	-0.135672	0.806825
5.52553	-0.996929	-0.116674	0.819484
5.54054	-0.98453	-0.0976494	0.832043
5.55556	-0.971943	-0.0786031	0.844498
5.57057	-0.95917	-0.0595391	0.856846
5.58559	-0.946213	-0.0404616	0.869083
5.6006	-0.933072	-0.021375	0.881205
5.61562	-0.919751	-0.00228364	0.893209
5.63063	-0.90625	0.0168083	0.905092
5.64565	-0.892572	0.0358964	0.916848
5.66066	-0.878718	0.0549764	0.928474
5.67568	-0.86469	0.0740441	0.939967
5.69069	-0.850491	0.093095	0.951323
5.70571	-0.836123	0.112125	0.962537
5.72072	-0.821587	0.13113	0.973605
5.73574	-0.806886	0.150105	0.984524
5.75075	-0.792022	0.169046	0.995289
5.76577	-0.776998	0.187949	1.0059
5.78078	-0.761816	0.20681	1.01634
5.7958	-0.746478	0.225624	1.02662
5.81081	-0.730987	0.244387	1.03673
5.82583	-0.715346	0.263096	1.04667
5.84084	-0.699557	0.281745	1.05643
5.85586	-0.683622	0.30033	1.066
5.87087	-0.667545	0.318848	1.07539
5.88589	-0.651329	0.337293	1.08459
5.9009	-0.634976	0.355663	1.0936
5.91592	-0.618489	0.373953	1.10241
5.93093	-0.601872	0.392158	1.11101
5.94595	-0.585127	0.410275	1.11941
5.96096	-0.568257	0.428299	1.12759
5.97598	-0.551266	0.446227	1.13557
5.99099	-0.534157	0.464054	1.14332
6.00601	-0.516933	0.481777	1.15085
6.02102	-0.499598	0.499391	1.15816
6.03604	-0.482155	0.516892	1.16524
6.05105	-0.464607	0.534277	1.17208
6.06607	-0.446958	0.551541	1.17869
6.08108	-0.429212	0.568681	1.18506
6.0961	-0.411372	0.585693	1.19119
6.11111	-0.393442	0.602573	1.19707
6.12613	-0.375425	0.619317	1.2027
6.14114	-0.357326	0.635921	1.20808
6.15616	-0.339148	0.652382	1.2132
6.17117	-0.320895	0.668696	1.21807
6.18619	-0.30257	0.684859	1.22267
6.2012	-0.284179	0.700868	1.22702
6.21622	-0.265724	0.716719	1.23109
6.23123	-0.24721	0.732408	1.2349
6.24625	-0.228641	0.747932	1.23844
6.26126	-0.210021	0.763287	1.24171
6.27628	-0.191354	0.77847	1.2447
6.29129	-0.172644	0.793478	1.24742
6.30631	-0.153896	0.808307	1.24986
6.32132	-0.135112	0.822954	1.25202
6.33634	-0.116299	0.837415	1.2539
6.35135	-0.097459	0.851687	1.25551
6.36637	-0.0785973	0.865768	1.25683
6.38138	-0.0597179	0.879653	1.25786
6.3964	-0.0408251	0.89334	1.25862
6.41141	-0.021923	0.906825	1.25909
6.42643	-0.00301599	0.920106	1.25928
6.44144	0.0158917	0.93318	1.25918
6.45646	0.0347958	0.946043	1.2588
6.47147	0.0536921	0.958693	1.25814
6.48649	0.0725762	0.971127	1.25719
6.5015	0.091444	0.983342	1.25596
6.51652	0.110291	0.995335	1.25445
6.53153	0.129114	1.0071	1.25265
6.54655	0.147907	1.01865	1.25058
6.56156	0.166667	1.02996	1.24823
6.57658	0.18539	1.04104	1.2456
6.59159	0.204071	1.05188	1.24269
6.60661	0.222707	1.06249	1.23951
6.62162	0.241292	1.07286	1.23606
6.63664	0.259824	1.08299	1.23234
6.65165	0.278298	1.09287	1.22835
6.66667	0.29671	1.1025	1.22409
6.68168	0.315056	1.11189	1.21957
6.6967	0.333333	1.12103	1.21478
6.71171	0.351535	1.12991	1.20974
6.72673	0.36966	1.13854	1.20444
6.74174	0.387703	1.14691	1.19889
6.75676	0.405661	1.15503	1.19309
6.77177	0.423531	1.16288	1.18704
6.78679	0.441307	1.17047	1.18075
6.8018	0.458987	1.1778	1.17422
6.81682	0.476568	1.18486	1.16745
6.83183	0.494045	1.19166	1.16044
6.84685	0.511415	1.19819	1.15321
6.86186	0.528675	1.20444	1.14575
6.87688	0.545821	1.21043	1.13806
6.89189	0.56285	1.21614	1.13016
6.90691	0.579758	1.22158	1.12204
6.92192	0.596543	1.22674	1.11371
6.93694	0.613202	1.23162	1.10517
6.95195	0.629731	1.23623	1.09643
6.96697	0.646127	1.24056	1.08749
6.98198	0.662387	1.24461	1.07835
6.997	0.678509	1.24838	1.06902
7.01201	0.694489	1.25187	1.0595
7.02703	0.710325	1.25507	1.0498
7.04204	0.726014	1.258	1.03992
7.05706	0.741553	1.26063	1.02987
7.07207	0.75694	1.26299	1.01964
7.08709	0.772172	1.26506	1.00925
7.1021	0.787247	1.26684	0.998691
7.11712	0.802162	1.26834	0.987975
7.13213	0.816915	1.26956	0.977105
7.14715	0.831503	1.27048	0.966084
7.16216	0.845926	1.27112	0.954916
7.17718	0.860179	1.27148	0.943605
7.19219	0.874261	1.27154	0.932155
7.20721	0.888171	1.27132	0.920571
7.22222	0.901905	1.27082	0.908856
7.23724	0.915463	1.27003	0.897013
7.25225	0.928842	1.26895	0.885048
7.26727	0.942041	1.26758	0.872963
7.28228	0.955057	1.26593	0.860762
7.2973	0.967889	1.264	0.848449
7.31231	0.980535	1.26177	0.836028
7.32733	0.992994	1.25927	0.823502
7.34234	1.00526	1.25648	0.810874
7.35736	1.01734	1.25341	0.798148
7.37237	1.02923	1.25005	0.785328
7.38739	1.04093	1.24641	0.772416
7.4024	1.05243	1.2425	0.759417
7.41742	1.06373	1.2383	0.746333
7.43243	1.07484	1.23382	0.733166
7.44745	1.08575	1.22907	0.719922
7.46246	1.09646	1.22403	0.706601
7.47748	1.10697	1.21872	0.693208
7.49249	1.11728	1.21314	0.679745
7.50751	1.12738	1.20728	0.666215
7.52252	1.13728	1.20116	0.65262
7.53754	1.14698	1.19476	0.638964
7.55255	1.15647	1.18809	0.625248
7.56757	1.16575	1.18115	0.611475
7.58258	1.17483	1.17395	0.597648
7.5976	1.1837	1.16648	0.58377
7.61261	1.19236	1.15875	0.569841
7.62763	1.20081	1.15075	0.555865
7.64264	1.20905	1.1425	0.541844
7.65766	1.21708	1.13399	0.527779
7.67267	1.2249	1.12523	0.513673
7.68769	1.23251	1.11621	0.499528
7.7027	1.2399	1.10694	0.485346
7.71772	1.24708	1.09742	0.471128
7.73273	1.25405	1.08765	0.456876
7.74775	1.2608	1.07764	0.442592
7.76276	1.26734	1.06739	0.428278
7.77778	1.27367	1.05689	0.413935
7.79279	1.27977	1.04616	0.399564
7.80781	1.28566	1.03519	0.385168
7.82282	1.29134	1.02398	0.370747
7.83784	1.2968	1.01255	0.356304
7.85285	1.30204	1.00089	0.341838
7.86787	1.30706	0.988998	0.327352
7.88288	1.31187	0.976887	0.312847
7.8979	1.31646	0.964555	0.298323
7.91291	1.32083	0.952006	0.283783
7.92793	1.32498	0.939243	0.269227
7.94294	1.32891	0.926268	0.254656
7.95796	1.33263	0.913084	0.240072
7.97297	1.33612	0.899694	0.225474
7.98799	1.3394	0.886101	0.210865
8.003	1.34245	0.872308	0.196245
8.01802	1.34529	0.858319	0.181615
8.03303	1.34791	0.844137	0.166975
8.04805	1.35031	0.829764	0.152328
8.06306	1.35248	0.815204	0.137673
8.07808	1.35444	0.80046	0.123011
8.09309	1.35618	0.785536	0.108343
8.10811	1.35769	0.770434	0.09367
8.12312	1.35899	0.755159	0.0789925
8.13814	1.36007	0.739714	0.0643113
8.15315	1.36092	0.724102	0.049627
8.16817	1.36156	0.708326	0.0349404
8.18318	1.36197	0.692391	0.0202522
8.1982	1.36216	0.6763	0.00556305
8.21321	1.36214	0.660057	-0.00912638
8.22823	1.36189	0.643664	-0.0238154
8.24324	1.36142	0.627127	-0.0385033
8.25826	1.36073	0.610448	-0.0531894
8.27327	1.35982	0.593631	-0.0678729
8.28829	1.3587	0.576681	-0.0825533
8.3033	1.35735	0.559601	-0.0972298
8.31832	1.35578	0.542394	-0.111902
8.33333	1.35399	0.525065	-0.126568
8.34835	1.35197	0.507618	-0.141228
8.36336	1.34974	0.490057	-0.155882
8.37838	1.34729	0.472384	-0.170527
8.39339	1.34462	0.454606	-0.185165
8.40841	1.34173	0.436725	-0.199792
8.42342	1.33862	0.418745	-0.21441
8.43844	1.33529	0.400671	-0.229016
8.45345	1.33175	0.382507	-0.243611
8.46847	1.32798	0.364257	-0.258192
8.48348	1.32399	0.345924	-0.272759
8.4985	1.31979	0.327513	-0.287312
8.51351	1.31536	0.309029	-0.301848
8.52853	1.31072	0.290475	-0.316367
8.54354	1.30586	0.271855	-0.330868
8.55856	1.30079	0.253174	-0.345349
8.57357	1.29549	0.234436	-0.359809
8.58859	1.28998	0.215645	-0.374248
8.6036	1.28426	0.196806	-0.388663
8.61862	1.27831	0.177922	-0.403053
8.63363	1.27215	0.158998	-0.417417
8.64865	1.26578	0.140038	-0.431753
8.66366	1.25919	0.121047	-0.44606
8.67868	1.25238	0.102028	-0.460336
8.69369	1.24536	0.0829868	-0.47458
8.70871	1.23813	0.0639265	-0.48879
8.72372	1.23068	0.0448517	-0.502963
8.73874	1.22303	0.0257669	-0.517099
8.75375	1.21516	0.00667621	-0.531195
8.76877	1.20707	-0.012416	-0.545249
8.78378	1.19878	-0.0315053	-0.55926
8.7988	1.19028	-0.0505876	-0.573224
8.81381	1.18157	-0.0696585	-0.587141
8.82883	1.17265	-0.0887137	-0.601007
8.84384	1.16352	-0.107749	-0.614821
8.85886	1.15419	-0.12676	-0.62858
8.87387	1.14464	-0.145742	-0.642282
8.88889	1.1349	-0.164691	-0.655924
8.9039	1.12495	-0.183604	-0.669503
8.91892	1.11479	-0.202475	-0.683017
8.93393	1.10444	-0.2213	-0.696464
8.94895	1.09388	-0.240075	-0.709839
8.96396	1.08312	-0.258797	-0.723142
8.97898	1.07216	-0.277459	-0.736368
8.99399	1.06101	-0.29606	-0.749514
9.00901	1.04966	-0.314593	-0.762578
9.02402	1.03811	-0.333056	-0.775557
9.03904	1.02637	-0.351444	-0.788446
9.05405	1.01443	-0.369752	-0.801244
9.06907	1.00231	-0.387977	-0.813946
9.08408	0.989989	-0.406115	-0.82655
9.0991	0.977485	-0.424161	-0.839051
9.11411	0.964793	-0.442111	-0.851446
9.12913	0.951916	-0.459962	-0.863732
9.14414	0.938856	-0.477709	-0.875905
9.15916	0.925613	-0.495348	-0.887962
9.17417	0.912191	-0.512876	-0.899898
9.18919	0.89859	-0.530288	-0.911709
9.2042	0.884813	-0.54758	-0.923393
9.21922	0.870861	-0.564749	-0.934945
9.23423	0.856737	-0.581791	-0.946362
9.24925	0.842443	-0.598701	-0.957638
9.26426	0.82798	-0.615477	-0.968771
9.27928	0.813351	-0.632114	-0.979756
9.29429	0.798558	-0.648608	-0.990589
9.30931	0.783604	-0.664956	-1.00127
9.32432	0.768491	-0.681154	-1.01178
9.33934	0.753221	-0.697199	-1.02214
9.35435	0.737797	-0.713086	-1.03232
9.36937	0.722221	-0.728813	-1.04234
9.38438	0.706497	-0.744375	-1.05217
9.3994	0.690626	-0.759769	-1.06183
9.41441	0.674611	-0.774993	-1.0713
9.42943	0.658455	-0.790041	-1.08058
9.44444	0.642162	-0.804911	-1.08968
9.45946	0.625733	-0.8196	-1.09857
9.47447	0.609173	-0.834105	-1.10726
9.48949	0.592483	-0.848421	-1.11575
9.5045	0.575668	-0.862545	-1.12403
9.51952	0.55873	-0.876476	-1.1321
9.53453	0.541672	-0.890209	-1.13995
9.54955	0.524498	-0.903741	-1.14758
9.56456	0.507211	-0.917069	-1.15499
9.57958	0.489815	-0.930191	-1.16216
9.59459	0.472313	-0.943102	-1.16911
9.60961	0.454708	-0.955802	-1.17583
9.62462	0.437004	-0.968285	-1.1823
9.63964	0.419204	-0.980551	-1.18853
9.65465	0.401313	-0.992595	-1.19452
9.66967	0.383334	-1.00442	-1.20026
9.68468	0.365271	-1.01601	-1.20575
9.6997	0.347127	-1.02738	-1.21099
9.71471	0.328906	-1.03851	-1.21597
9.72973	0.310612	-1.04941	-1.22069
9.74474	0.29225	-1.06007	-1.22515
9.75976	0.273822	-1.07049	-1.22934
9.77477	0.255334	-1.08068	-1.23327
9.78979	0.236789	-1.09062	-1.23692
9.8048	0.218191	-1.10031	-1.24031
9.81982	0.199544	-1.10975	-1.24342
9.83483	0.180852	-1.11895	-1.24626
9.84985	0.16212	-1.12789	-1.24882
9.86486	0.143351	-1.13658	-1.25111
9.87988	0.12455	-1.14501	-1.25311
9.89489	0.105721	-1.15319	-1.25484
9.90991	0.0868688	-1.1611	-1.25628
9.92492	0.0679967	-1.16875	-1.25744
9.93994	0.0491092	-1.17614	-1.25832
9.95495	0.0302106	-1.18326	-1.25892
9.96997	0.0113053	-1.19012	-1.25923
9.98498	-0.00760266	-1.19671	-1.25926
10	-0.0265089	-1.20303	-1.259
10.015	-0.0454091	-1.20907	-1.25846
10.03	-0.0642991	-1.21485	-1.25764
10.045	-0.0831746	-1.22035	-1.25653
10.0601	-0.102031	-1.22557	-1.25514
10.0751	-0.120865	-1.23052	-1.25347
10.0901	-0.139672	-1.2352	-1.25152
10.1051	-0.158447	-1.23959	-1.24929
10.1201	-0.177187	-1.2437	-1.24679
10.1351	-0.195887	-1.24754	-1.244
10.1502	-0.214543	-1.25109	-1.24094
10.1652	-0.233151	-1.25436	-1.23761
10.1802	-0.251707	-1.25735	-1.234
10.1952	-0.270207	-1.26005	-1.23013
10.2102	-0.288646	-1.26247	-1.22599
10.2252	-0.307022	-1.26461	-1.22158
10.2402	-0.325329	-1.26646	-1.21691
10.2553	-0.343564	-1.26802	-1.21198
10.2703	-0.361724	-1.2693	-1.2068
10.2853	-0.379803	-1.27029	-1.20136
10.3003	-0.397799	-1.271	-1.19567
10.3153	-0.415708	-1.27142	-1.18973
10.3303	-0.433526	-1.27155	-1.18354
10.3453	-0.451248	-1.2714	-1.17711
10.3604	-0.468873	-1.27096	-1.17045
10.3754	-0.486396	-1.27023	-1.16354
10.3904	-0.503813	-1.26922	-1.15641
10.4054	-0.521122	-1.26792	-1.14905
10.4204	-0.538318	-1.26634	-1.14146
10.4354	-0.555399	-1.26447	-1.13365
10.4505	-0.57236	-1.26231	-1.12563
10.4655	-0.5892	-1.25987	-1.11739
10.4805	-0.605915	-1.25715	-1.10894
10.4955	-0.622501	-1.25414	-1.10029
10.5105	-0.638955	-1.25085	-1.09143
10.5255	-0.655275	-1.24728	-1.08238
10.5405	-0.671458	-1.24342	-1.07313
10.5556	-0.687501	-1.23929	-1.0637
10.5706	-0.7034	-1.23488	-1.05408
10.5856	-0.719154	-1.23018	-1.04428
10.6006	-0.734759	-1.22522	-1.0343
10.6156	-0.750213	-1.21997	-1.02415
10.6306	-0.765513	-1.21445	-1.01382
10.6456	-0.780657	-1.20866	-1.00334
10.6607	-0.795643	-1.20259	-0.992692
10.6757	-0.810467	-1.19625	-0.981889
10.6907	-0.825128	-1.18964	-0.970934
10.7057	-0.839624	-1.18277	-0.95983
10.7207	-0.853951	-1.17563	-0.948581
10.7357	-0.868109	-1.16822	-0.937192
10.7508	-0.882094	-1.16055	-0.925666
10.7658	-0.895906	-1.15262	-0.914008
10.7808	-0.909541	-1.14442	-0.902221
10.7958	-0.922999	-1.13597	-0.890309
10.8108	-0.936277	-1.12727	-0.878275
10.8258	-0.949373	-1.11831	-0.866125
10.8408	-0.962286	-1.1091	-0.853861
10.8559	-0.975014	-1.09963	-0.841487
10.8709	-0.987555	-1.08992	-0.829006
10.8859	-0.999908	-1.07997	-0.816422
10.9009	-1.01207	-1.06977	-0.803739
10.9159	-1.02404	-1.05933	-0.79096
10.9309	-1.03582	-1.04865	-0.778088
10.9459	-1.04741	-1.03773	-0.765127
10.961	-1.0588	-1.02658	-0.752079
10.976	-1.06999	-1.0152	-0.738948
10.991	-1.08099	-1.00359	-0.725738
11.006	-1.09179	-0.991753	-0.71245
11.021	-1.10239	-0.979693	-0.699089
11.036	-1.11278	-0.967412	-0.685656
11.0511	-1.12298	-0.954913	-0.672155
11.0661	-1.13297	-0.942198	-0.658588
11.0811	-1.14275	-0.929271	-0.644958
11.0961	-1.15233	-0.916135	-0.631268
11.1111	-1.16171	-0.902792	-0.61752
11.1261	-1.17088	-0.889246	-0.603717
11.1411	-1.17984	-0.875499	-0.58986
11.1562	-1.18859	-0.861555	-0.575953
11.1712	-1.19713	-0.847417	-0.561998
11.1862	-1.20547	-0.833087	-0.547996
11.2012	-1.21359	-0.81857	-0.53395
11.2162	-1.2215	-0.803868	-0.519862
11.2312	-1.2292	-0.788985	-0.505734
11.2462	-1.23669	-0.773924	-0.491568
11.2613	-1.24396	-0.758689	-0.477365
11.2763	-1.25102	-0.743282	-0.463128
11.2913	-1.25787	-0.727708	-0.448858
11.3063	-1.2645	-0.71197	-0.434557
11.3213	-1.27092	-0.696071	-0.420227
11.3363	-1.27712	-0.680016	-0.405868
11.3514	-1.28311	-0.663807	-0.391483
11.3664	-1.28888	-0.647449	-0.377072
11.3814	-1.29443	-0.630944	-0.362639
11.3964	-1.29977	-0.614297	-0.348182
11.4114	-1.30489	-0.597512	-0.333705
11.4264	-1.30979	-0.580592	-0.319208
11.4414	-1.31447	-0.563542	-0.304693
11.4565	-1.31894	-0.546364	-0.29016
11.4715	-1.32319	-0.529063	-0.27561
11.4865	-1.32722	-0.511642	-0.261046
11.5015	-1.33103	-0.494107	-0.246467
11.5165	-1.33462	-0.47646	-0.231875
11.5315	-1.33799	-0.458705	-0.217271
11.5465	-1.34114	-0.440848	-0.202656
11.5616	-1.34407	-0.42289	-0.18803
11.5766	-1.34679	-0.404838	-0.173394
11.5916	-1.34928	-0.386694	-0.15875
11.6066	-1.35156	-0.368463	-0.144098
11.6216	-1.35361	-0.350149	-0.129439
11.6366	-1.35544	-0.331756	-0.114774
11.6517	-1.35706	-0.313288	-0.100103
11.6667	-1.35845	-0.294749	-0.0854277
11.6817	-1.35962	-0.276144	-0.070748
11.6967	-1.36057	-0.257477	-0.056065
11.7117	-1.3613	-0.238752	-0.0413794
11.7267	-1.36182	-0.219973	-0.0266918
11.7417	-1.36211	-0.201144	-0.0120029
11.7568	-1.36218	-0.18227	0.00268647
11.7718	-1.36203	-0.163355	0.0173758
11.7868	-1.36165	-0.144403	0.0320642
11.8018	-1.36106	-0.125419	0.0467512
11.8168	-1.36025	-0.106406	0.0614359
11.8318	-1.35922	-0.0873696	0.0761178
11.8468	-1.35796	-0.0683132	0.0907961
11.8619	-1.35649	-0.0492413	0.10547
11.8769	-1.3548	-0.0301584	0.120139
11.8919	-1.35288	-0.0110687	0.134802
11.9069	-1.35075	0.00802351	0.149458
11.9219	-1.34839	0.0271139	0.164108
11.9369	-1.34582	0.0461982	0.178749
11.952	-1.34303	0.0652721	0.193381
11.967	-1.34001	0.0843312	0.208003
11.982	-1.33678	0.103371	0.222614
11.997	-1.33333	0.122388	0.237214
12.012	-1.32966	0.141377	0.251801
12.027	-1.32577	0.160335	0.266375
12.042	-1.32166	0.179256	0.280934
12.0571	-1.31733	0.198137	0.295477
12.0721	-1.31279	0.216973	0.310004
12.0871	-1.30802	0.23576	0.324513
12.1021	-1.30304	0.254494	0.339003
12.1171	-1.29784	0.273171	0.353472
12.1321	-1.29243	0.291786	0.367921
12.1471	-1.28679	0.310336	0.382346
12.1622	-1.28094	0.328815	0.396747
12.1772	-1.27488	0.34722	0.411123
12.1922	-1.2686	0.365547	0.425472
12.2072	-1.2621	0.383792	0.439792
12.2222	-1.25539	0.40195	0.454082
12.2372	-1.24847	0.420017	0.46834
12.2523	-1.24133	0.43799	0.482564
12.2673	-1.23397	0.455864	0.496754
12.2823	-1.22641	0.473635	0.510906
12.2973	-1.21863	0.491299	0.52502
12.3123	-1.21064	0.508853	0.539093
12.3273	-1.20244	0.526292	0.553123
12.3423	-1.19403	0.543612	0.567108
12.3574	-1.18541	0.56081	0.581046
12.3724	-1.17658	0.577881	0.594935
12.3874	-1.16755	0.594822	0.608772
12.4024	-1.1583	0.611629	0.622555
12.4174	-1.14885	0.628298	0.636282
12.4324	-1.1392	0.644826	0.649951
12.4474	-1.12934	0.661208	0.663558
12.4625	-1.11927	0.677441	0.677101
12.4775	-1.109	0.693521	0.690577
12.4925	-1.09853	0.709445	0.703984
12.5075	-1.08786	0.725209	0.717319
12.5225	-1.07699	0.740809	0.730579
12.5375	-1.06592	0.756243	0.743761
12.5526	-1.05466	0.771506	0.756861
12.5676	-1.04319	0.786595	0.769878
12.5826	-1.03154	0.801506	0.782807
12.5976	-1.01969	0.816237	0.795645
12.6126	-1.00765	0.830784	0.808389
12.6276	-0.995412	0.845144	0.821037
12.6426	-0.98299	0.859313	0.833583
12.6577	-0.97038	0.873288	0.846025
12.6727	-0.957584	0.887067	0.85836
12.6877	-0.944604	0.900645	0.870583
12.7027	-0.931441	0.914021	0.882691
12.7177	-0.918097	0.92719	0.89468
12.7327	-0.904574	0.940151	0.906547
12.7477	-0.890874	0.952899	0.918287
12.7628	-0.876999	0.965433	0.929897
12.7778	-0.86295	0.977748	0.941374
12.7928	-0.84873	0.989844	0.952712
12.8078	-0.834341	1.00172	0.963908
12.8228	-0.819785	1.01336	0.974958
12.8378	-0.805064	1.02478	0.985859
12.8529	-0.79018	1.03597	0.996605
12.8679	-0.775136	1.04692	1.00719
12.8829	-0.759935	1.05764	1.01762
12.8979	-0.744578	1.06812	1.02788
12.9129	-0.729068	1.07836	1.03797
12.9279	-0.713409	1.08835	1.04788
12.9429	-0.697601	1.0981	1.05762
12.958	-0.681649	1.1076	1.06717
12.973	-0.665555	1.11686	1.07654
12.988	-0.649322	1.12586	1.08571
13.003	-0.632952	1.1346	1.09469
13.018	-0.616449	1.14309	1.10348
13.033	-0.599816	1.15133	1.11205
13.048	-0.583055	1.1593	1.12043
13.0631	-0.56617	1.16701	1.12859
13.0781	-0.549165	1.17446	1.13653
13.0931	-0.532041	1.18165	1.14426
13.1081	-0.514804	1.18857	1.15177
13.1231	-0.497455	1.19522	1.15905
13.1381	-0.479999	1.2016	1.1661
13.1532	-0.462438	1.20771	1.17291
13.1682	-0.444777	1.21354	1.17949
13.1832	-0.427019	1.21911	1.18583
13.1982	-0.409168	1.2244	1.19193
13.2132	-0.391227	1.22941	1.19778
13.2282	-0.3732	1.23415	1.20338
13.2432	-0.355091	1.2386	1.20873
13.2583	-0.336903	1.24278	1.21382
13.2733	-0.318641	1.24668	1.21865
13.2883	-0.300308	1.2503	1.22322
13.3033	-0.281909	1.25363	1.22753
13.3183	-0.263447	1.25669	1.23158
13.3333	-0.244926	1.25946	1.23535
13.3483	-0.22635	1.26194	1.23886
13.3634	-0.207724	1.26414	1.24209
13.3784	-0.189052	1.26606	1.24505
13.3934	-0.170337	1.26769	1.24773
13.4084	-0.151584	1.26903	1.25014
13.4234	-0.132796	1.27009	1.25227
13.4384	-0.113979	1.27086	1.25412
13.4535	-0.0951366	1.27135	1.25568
13.4685	-0.0762724	1.27155	1.25697
13.4835	-0.0573912	1.27146	1.25797
13.4985	-0.0384969	1.27109	1.25869
13.5135	-0.019594	1.27043	1.25913
13.5285	-0.000686705	1.26948	1.25928
13.5435	0.0182208	1.26825	1.25915
13.5586	0.0371241	1.26673	1.25873
13.5736	0.0560191	1.26492	1.25803
13.5886	0.0749015	1.26283	1.25705
13.6036	0.093767	1.26046	1.25579
13.6186	0.112611	1.2578	1.25424
13.6336	0.13143	1.25486	1.25241
13.6486	0.15022	1.25163	1.25031
13.6637	0.168976	1.24812	1.24792
13.6787	0.187694	1.24433	1.24526
13.6937	0.206369	1.24026	1.24232
13.7087	0.224999	1.23592	1.2391
13.7237	0.243578	1.23129	1.23562
13.7387	0.262103	1.22638	1.23186
13.7538	0.28057	1.2212	1.22784
13.7688	0.298974	1.21574	1.22355
13.7838	0.317312	1.21001	1.21899
13.7988	0.335579	1.20401	1.21418
13.8138	0.353772	1.19773	1.2091
13.8288	0.371887	1.19119	1.20377
13.8438	0.38992	1.18437	1.19819
13.8589	0.407868	1.17729	1.19236
13.8739	0.425726	1.16995	1.18628
13.8889	0.443491	1.16234	1.17996
13.9039	0.461159	1.15446	1.1734
13.9189	0.478727	1.14633	1.1666
13.9339	0.49619	1.13794	1.15957
13.9489	0.513547	1.12929	1.1523
13.964	0.530793	1.12039	1.14481
13.979	0.547925	1.11124	1.1371
13.994	0.564939	1.10183	1.12917
14.009	0.581833	1.09218	1.12103
14.024	0.598603	1.08228	1.11267
14.039	0.615245	1.07214	1.10411
14.0541	0.631758	1.06175	1.09534
14.0691	0.648137	1.05112	1.08637
14.0841	0.664381	1.04026	1.07721
14.0991	0.680485	1.02917	1.06786
14.1141	0.696448	1.01784	1.05832
14.1291	0.712265	1.00628	1.0486
14.1441	0.727936	0.994496	1.03869
14.1592	0.743457	0.982487	1.02862
14.1742	0.758825	0.970257	1.01837
14.1892	0.774037	0.957807	1.00796
14.2042	0.789093	0.945142	0.997379
14.2192	0.803988	0.932264	0.986644
14.2342	0.818721	0.919176	0.975755
14.2492	0.833289	0.90588	0.964716
14.2643	0.847691	0.892381	0.95353
14.2793	0.861923	0.87868	0.942202
14.2943	0.875984	0.864781	0.930736
14.3093	0.889872	0.850686	0.919135
14.3243	0.903585	0.836401	0.907404
14.3393	0.917121	0.821926	0.895546
14.3544	0.930478	0.807267	0.883566
14.3694	0.943654	0.792425	0.871466
14.3844	0.956648	0.777405	0.859251
14.3994	0.969457	0.762209	0.846925
14.4144	0.98208	0.746842	0.83449
14.4294	0.994516	0.731306	0.821951
14.4444	1.00676	0.715605	0.809311
14.4595	1.01882	0.699743	0.796574
14.4745	1.03068	0.683724	0.783742
14.4895	1.04235	0.66755	0.77082
14.5045	1.05383	0.651225	0.75781
14.5195	1.06511	0.634754	0.744715
14.5345	1.07619	0.61814	0.731539
14.5495	1.08708	0.601386	0.718285
14.5646	1.09776	0.584497	0.704955
14.5796	1.10825	0.567476	0.691553
14.5946	1.11853	0.550327	0.678082
14.6096	1.12861	0.533054	0.664543
14.6246	1.13849	0.515661	0.650941
14.6396	1.14816	0.498151	0.637277
14.6547	1.15762	0.48053	0.623554
14.6697	1.16688	0.462799	0.609775
14.6847	1.17594	0.444965	0.595941
14.6997	1.18478	0.42703	0.582056
14.7147	1.19341	0.408999	0.568122
14.7297	1.20184	0.390876	0.55414
14.7447	1.21005	0.372665	0.540113
14.7598	1.21806	0.354369	0.526044
14.7748	1.22585	0.335994	0.511933
14.7898	1.23343	0.317543	0.497783
14.8048	1.2408	0.299021	0.483596
14.8198	1.24795	0.280431	0.469374
14.8348	1.2549	0.261777	0.455118
14.8498	1.26162	0.243065	0.440831
14.8649	1.26813	0.224298	0.426513
14.8799	1.27443	0.205481	0.412166
14.8949	1.28051	0.186617	0.397792
14.9099	1.28638	0.167711	0.383393
14.9249	1.29202	0.148767	0.368969
14.9399	1.29746	0.129789	0.354523
14.955	1.30267	0.110783	0.340055
14.97	1.30767	0.0917513	0.325566
14.985	1.31245	0.072699	0.311059
15	1.31701	0.0536303	0.296533
