0.001	2.16e-08
0.001998	2.06532e-09
0.002996	1.04417e-08
0.003994	3.29789e-08
0.004992	8.04824e-08
0.00599	1.66843e-07
0.006988	3.09038e-07
0.007986	2.52579e-08
0.008984	4.55091e-08
0.009982	7.70611e-08
0.01098	1.24096e-07
0.011978	1.91719e-07
0.012976	2.86052e-07
0.013974	4.14327e-07
0.014972	5.84973e-07
0.01597	8.07716e-07
0.016968	1.09366e-06
0.017966	1.56887e-07
0.018964	2.16998e-07
0.019962	2.95187e-07
0.02096	3.95564e-07
0.021958	5.22904e-07
0.022956	6.82713e-07
0.023954	8.81302e-07
0.024952	1.12586e-06
0.02595	1.42453e-06
0.026948	1.7865e-06
0.027946	3.72586e-07
0.028944	4.76314e-07
0.029942	6.03871e-07
0.03094	7.59652e-07
0.031938	9.48682e-07
0.032936	1.17668e-06
0.033934	1.45011e-06
0.034932	1.77628e-06
0.03593	2.16342e-06
0.036928	2.62074e-06
0.037926	7.18745e-07
0.038924	8.8473e-07
0.039922	1.08333e-06
0.04092	1.3199e-06
0.041918	1.60048e-06
0.042916	1.93194e-06
0.043914	2.32196e-06
0.044912	2.7792e-06
0.04591	3.31337e-06
0.046908	1.10758e-06
0.047906	1.33861e-06
0.048904	1.61151e-06
0.049902	1.93279e-06
0.0509	2.30979e-06
0.051898	2.75079e-06
0.052896	3.2651e-06
0.053894	3.86317e-06
0.054892	4.55669e-06
0.05589	1.797e-06
0.056888	2.14487e-06
0.057886	2.55221e-06
0.058884	3.0279e-06
0.059882	3.58194e-06
0.06088	4.22559e-06
0.061878	4.97153e-06
0.062876	5.83394e-06
0.063874	2.61706e-06
0.064872	3.10358e-06
0.06587	3.67098e-06
0.066868	4.33115e-06
0.067866	5.09753e-06
0.068864	5.98525e-06
0.069862	7.01134e-06
0.07086	3.48415e-06
0.071858	4.12066e-06
0.072856	4.86217e-06
0.073854	5.7242e-06
0.074852	6.7243e-06
0.07585	7.8823e-06
0.076848	4.25147e-06
0.077846	5.02766e-06
0.078844	5.93286e-06
0.079842	6.98646e-06
0.08084	8.21046e-06
0.081838	9.62978e-06
0.082836	5.60267e-06
0.083834	6.62498e-06
0.084832	7.81829e-06
0.08583	9.20865e-06
0.086828	1.08257e-05
0.087826	6.69406e-06
0.088824	7.92992e-06
0.089822	9.37615e-06
0.09082	1.10656e-05
0.091818	7.18152e-06
0.092816	8.53697e-06
0.093814	1.01295e-05
0.094812	1.19973e-05
0.09581	8.15395e-06
0.096808	9.72384e-06
0.097806	1.1575e-05
0.098804	1.37542e-05
0.099802	9.76977e-06
0.1008	1.16849e-05
0.101798	1.39508e-05
0.102796	1.02552e-05
0.103794	1.23204e-05
0.104792	1.47753e-05
0.10579	1.12278e-05
0.106788	1.35457e-05
0.107786	1.63134e-05
0.108784	1.28014e-05
0.109782	1.55056e-05
0.11078	1.87484e-05
0.111778	1.51776e-05
0.112776	1.8453e-05
0.113774	1.52888e-05
0.114772	1.86871e-05
0.11577	1.58379e-05
0.116768	1.94576e-05
0.117766	2.38625e-05
0.118764	2.08174e-05
0.119762	1.8436e-05
0.12076	2.28709e-05
0.121758	2.06906e-05
0.122756	2.57867e-05
0.123754	2.38204e-05
0.124752	2.23209e-05
0.12575	2.8116e-05
0.126748	2.68836e-05
0.127746	2.60644e-05
0.128744	3.31654e-05
0.129742	3.27899e-05
0.13074	3.28584e-05
0.131738	3.33687e-05
0.132736	3.43365e-05
0.133734	3.57959e-05
0.134732	3.78018e-05
0.13573	4.04325e-05
0.136728	4.37957e-05
0.137726	3.96937e-05
0.138724	4.43963e-05
0.139722	5.02643e-05
0.14072	4.86307e-05
0.141718	5.67939e-05
0.142716	5.74668e-05
0.143714	5.96532e-05
0.144712	6.3509e-05
0.14571	6.93279e-05
0.146708	6.82876e-05
0.147706	6.98731e-05
0.148704	7.42402e-05
0.149702	8.18765e-05
0.1507	9.36917e-05
0.151698	0.00010121
0.152696	0.000105221
0.153694	0.000116355
0.154692	0.00012694
0.15569	0.000139195
0.156688	0.000156253
0.157686	0.000172978
0.158684	0.000195895
0.159682	0.000225416
0.16068	0.000268186
0.161678	0.000323422
0.162676	0.000406479
0.163674	0.000539088
0.164672	0.000823685
0.16567	0.00165915
0.167666	0.102625
0.168664	0.145263
0.169662	0.177404
0.17066	0.204131
0.171658	0.227382
0.172656	0.248144
0.173654	0.267003
0.174652	0.284347
0.17565	0.300448
0.176648	0.315506
0.177646	0.329656
0.178644	0.343034
0.179642	0.355706
0.18064	0.367776
0.181638	0.379289
0.182636	0.390299
0.183634	0.400851
0.184632	0.410992
0.18563	0.420748
0.186628	0.430147
0.187626	0.439215
0.188624	0.447976
0.189622	0.456457
0.19062	0.464661
0.191618	0.47262
0.192616	0.480341
0.193614	0.487838
0.194612	0.495122
0.19561	0.502206
0.196608	0.509099
0.197606	0.515811
0.198604	0.52235
0.199602	0.528726
0.2006	0.534944
0.201598	0.54102
0.202596	0.546946
0.203594	0.552735
0.204592	0.558399
0.20559	0.563931
0.206588	0.569348
0.207586	0.574642
0.208584	0.579831
0.209582	0.584905
0.21058	0.589883
0.211578	0.594754
0.212576	0.599534
0.213574	0.604216
0.214572	0.608813
0.21557	0.613324
0.216568	0.617744
0.217566	0.622089
0.218564	0.626349
0.219562	0.63054
0.22056	0.634656
0.221558	0.6387
0.222556	0.64267
0.223554	0.646577
0.224552	0.650419
0.22555	0.654192
0.226548	0.657909
0.227546	0.661566
0.228544	0.665164
0.229542	0.668701
0.23054	0.672188
0.231538	0.67562
0.232536	0.679001
0.233534	0.682325
0.234532	0.685606
0.23553	0.688838
0.236528	0.692023
0.237526	0.695162
0.238524	0.698251
0.239522	0.701302
0.24052	0.70431
0.241518	0.707276
0.242516	0.710202
0.243514	0.713088
0.244512	0.715931
0.24551	0.718742
0.246508	0.721515
0.247506	0.724252
0.248504	0.726954
0.249502	0.729621
0.2505	0.732255
0.251498	0.734851
0.252496	0.73742
0.253494	0.739957
0.254492	0.742463
0.25549	0.74494
0.256488	0.747386
0.257486	0.749804
0.258484	0.752189
0.259482	0.75455
0.26048	0.756885
0.261478	0.759193
0.262476	0.761475
0.263474	0.763732
0.264472	0.765963
0.26547	0.76817
0.266468	0.770352
0.267466	0.772511
0.268464	0.774643
0.269462	0.776757
0.27046	0.778848
0.271458	0.780918
0.272456	0.782966
0.273454	0.784993
0.274452	0.786999
0.27545	0.788985
0.276448	0.790951
0.277446	0.792898
0.278444	0.794826
0.279442	0.79673
0.28044	0.798621
0.281438	0.800493
0.282436	0.802348
0.283434	0.804185
0.284432	0.806005
0.28543	0.807808
0.286428	0.809594
0.287426	0.811364
0.288424	0.813118
0.289422	0.814856
0.29042	0.816578
0.291418	0.818286
0.292416	0.819978
0.293414	0.821652
0.294412	0.823316
0.29541	0.824965
0.296408	0.8266
0.297406	0.828221
0.298404	0.829829
0.299402	0.831423
0.3004	0.833004
0.301398	0.834573
0.302396	0.836128
0.303394	0.837671
0.304392	0.839202
0.30539	0.840721
0.306388	0.842227
0.307386	0.843722
0.308384	0.845205
0.309382	0.846677
0.31038	0.848138
0.311378	0.849588
0.312376	0.851023
0.313374	0.852451
0.314372	0.853869
0.31537	0.855276
0.316368	0.856673
0.317366	0.85806
0.318364	0.859436
0.319362	0.860803
0.32036	0.862161
0.321358	0.863509
0.322356	0.864847
0.323354	0.866176
0.324352	0.867496
0.32535	0.868807
0.326348	0.870109
0.327346	0.871403
0.328344	0.872688
0.329342	0.873964
0.33034	0.875232
0.331338	0.876492
0.332336	0.877743
0.333334	0.878987
0.334332	0.880222
0.33533	0.88145
0.336328	0.88267
0.337326	0.883879
0.338324	0.885084
0.339322	0.886282
0.34032	0.887472
0.341318	0.888655
0.342316	0.889831
0.343314	0.891
0.344312	0.892162
0.34531	0.893317
0.346308	0.894466
0.347306	0.895607
0.348304	0.896742
0.349302	0.897871
0.3503	0.898993
0.351298	0.900109
0.352296	0.901219
0.353294	0.902322
0.354292	0.903419
0.35529	0.904511
0.356288	0.905596
0.357286	0.906676
0.358284	0.907749
0.359282	0.908817
0.36028	0.90988
0.361278	0.910936
0.362276	0.911988
0.363274	0.913033
0.364272	0.914074
0.36527	0.915109
0.366268	0.916139
0.367266	0.917163
0.368264	0.918183
0.369262	0.919197
0.37026	0.920206
0.371258	0.921211
0.372256	0.92221
0.373254	0.923205
0.374252	0.924192
0.37525	0.925177
0.376248	0.926158
0.377246	0.927134
0.378244	0.928105
0.379242	0.929072
0.38024	0.930035
0.381238	0.930993
0.382236	0.931946
0.383234	0.932896
0.384232	0.933841
0.38523	0.934782
0.386228	0.935718
0.387226	0.936651
0.388224	0.937579
0.389222	0.938504
0.39022	0.939424
0.391218	0.940341
0.392216	0.941254
0.393214	0.942162
0.394212	0.943067
0.39521	0.943968
0.396208	0.944866
0.397206	0.94576
0.398204	0.94665
0.399202	0.947536
0.4002	0.948419
0.401198	0.949298
0.402196	0.950174
0.403194	0.951047
0.404192	0.951916
0.40519	0.952781
0.406188	0.953643
0.407186	0.954502
0.408184	0.955358
0.409182	0.95621
0.41018	0.957059
0.411178	0.957905
0.412176	0.958748
0.413174	0.959588
0.414172	0.960424
0.41517	0.961258
0.416168	0.962088
0.417166	0.962915
0.418164	0.96374
0.419162	0.964561
0.42016	0.96538
0.421158	0.966196
0.422156	0.967009
0.423154	0.967819
0.424152	0.968626
0.42515	0.96943
0.426148	0.970232
0.427146	0.971031
0.428144	0.971827
0.429142	0.972621
0.43014	0.973412
0.431138	0.9742
0.432136	0.974986
0.433134	0.975769
0.434132	0.97655
0.43513	0.977328
0.436128	0.978104
0.437126	0.978877
0.438124	0.979645
0.439122	0.980414
0.44012	0.98118
0.441118	0.981943
0.442116	0.982704
0.443114	0.983463
0.444112	0.98422
0.44511	0.984974
0.446108	0.985726
0.447106	0.986476
0.448104	0.987223
0.449102	0.987969
0.4501	0.988712
0.451098	0.989453
0.452096	0.990192
0.453094	0.990928
0.454092	0.991663
0.45509	0.992395
0.456088	0.993125
0.457086	0.993854
0.458084	0.99458
0.459082	0.995304
0.46008	0.996026
0.461078	0.996747
0.462076	0.997465
0.463074	0.998181
0.464072	0.998895
0.46507	0.999608
0.466068	1.00032
0.467066	1.00103
0.468064	1.00173
0.469062	1.00244
0.47006	1.00314
0.471058	1.00384
0.472056	1.00454
0.473054	1.00524
0.474052	1.00594
0.47505	1.00663
0.476048	1.00732
0.477046	1.00801
0.478044	1.0087
0.479042	1.00939
0.48004	1.01007
0.481038	1.01076
0.482036	1.01144
0.483034	1.01212
0.484032	1.0128
0.48503	1.01348
0.486028	1.01415
0.487026	1.01483
0.488024	1.0155
0.489022	1.01617
0.49002	1.01684
0.491018	1.01751
0.492016	1.01817
0.493014	1.01884
0.494012	1.0195
0.49501	1.02016
0.496008	1.02082
0.497006	1.02148
0.498004	1.02214
0.499002	1.02279
0.5	1.02345
