0	1.5708	1.23592	1.76375
0.01001	1.58312	1.22591	1.76375
0.02002	1.59534	1.2159	1.76375
0.03003	1.60746	1.2059	1.76375
0.04004	1.61948	1.1959	1.76375
0.0500501	1.6314	1.1859	1.76375
0.0600601	1.64322	1.17591	1.76375
0.0700701	1.65494	1.16593	1.76375
0.0800801	1.66657	1.15596	1.76375
0.0900901	1.67809	1.14601	1.76375
0.1001	1.68951	1.13606	1.76375
0.11011	1.70083	1.12613	1.76375
0.12012	1.71205	1.11621	1.76375
0.13013	1.72318	1.10631	1.76375
0.14014	1.7342	1.09642	1.76375
0.15015	1.74513	1.08655	1.76375
0.16016	1.75595	1.07671	1.76375
0.17017	1.76668	1.06688	1.76375
0.18018	1.77731	1.05707	1.76375
0.19019	1.78785	1.04728	1.76375
0.2002	1.79828	1.03752	1.76375
0.21021	1.80862	1.02778	1.76375
0.22022	1.81886	1.01806	1.76375
0.23023	1.829	1.00837	1.76375
0.24024	1.83904	0.998706	1.76375
0.25025	1.84899	0.989067	1.76375
0.26026	1.85885	0.979456	1.76375
0.27027	1.8686	0.969872	1.76375
0.28028	1.87826	0.960317	1.76375
0.29029	1.88783	0.950791	1.76375
0.3003	1.8973	0.941295	1.76375
0.31031	1.90667	0.931829	1.76375
0.32032	1.91595	0.922394	1.76375
0.33033	1.92514	0.91299	1.76375
0.34034	1.93423	0.903618	1.76375
0.35035	1.94323	0.894278	1.76375
0.36036	1.95213	0.884971	1.76375
0.37037	1.96095	0.875696	1.76375
0.38038	1.96967	0.866455	1.76375
0.39039	1.97829	0.857248	1.76375
0.4004	1.98683	0.848075	1.76375
0.41041	1.99527	0.838936	1.76375
0.42042	2.00362	0.829831	1.76375
0.43043	2.01188	0.820762	1.76375
0.44044	2.02006	0.811727	1.76375
0.45045	2.02814	0.802728	1.76375
0.46046	2.03613	0.793765	1.76375
0.47047	2.04403	0.784837	1.76375
0.48048	2.05184	0.775945	1.76375
0.49049	2.05956	0.767089	1.76375
0.500501	2.0672	0.758269	1.76375
0.510511	2.07474	0.749486	1.76375
0.520521	2.0822	0.740738	1.76375
0.530531	2.08957	0.732027	1.76375
0.540541	2.09686	0.723352	1.76375
0.550551	2.10405	0.714714	1.76375
0.560561	2.11116	0.706112	1.76375
0.570571	2.11819	0.697546	1.76375
0.580581	2.12513	0.689017	1.76375
0.590591	2.13198	0.680524	1.76375
0.600601	2.13875	0.672068	1.76375
0.610611	2.14544	0.663647	1.76375
0.620621	2.15204	0.655263	1.76375
0.630631	2.15856	0.646915	1.76375
0.640641	2.16499	0.638603	1.76375
0.650651	2.17134	0.630326	1.76375
0.660661	2.17761	0.622086	1.76375
0.670671	2.1838	0.61388	1.76375
0.680681	2.1899	0.605711	1.76375
0.690691	2.19592	0.597576	1.76375
0.700701	2.20186	0.589477	1.76375
0.710711	2.20773	0.581412	1.76375
0.720721	2.2135	0.573382	1.76375
0.730731	2.2192	0.565386	1.76375
0.740741	2.22482	0.557425	1.76375
0.750751	2.23036	0.549498	1.76375
0.760761	2.23583	0.541604	1.76375
0.770771	2.24121	0.533744	1.76375
0.780781	2.24651	0.525917	1.76375
0.790791	2.25174	0.518123	1.76375
0.800801	2.25688	0.510362	1.76375
0.810811	2.26195	0.502633	1.76375
0.820821	2.26695	0.494936	1.76375
0.830831	2.27186	0.487271	1.76375
0.840841	2.2767	0.479637	1.76375
0.850851	2.28146	0.472035	1.76375
0.860861	2.28615	0.464464	1.76375
0.870871	2.29076	0.456923	1.76375
0.880881	2.2953	0.449412	1.76375
0.890891	2.29976	0.441931	1.76375
0.900901	2.30415	0.434479	1.76375
0.910911	2.30846	0.427057	1.76375
0.920921	2.3127	0.419664	1.76375
0.930931	2.31686	0.412299	1.76375
0.940941	2.32095	0.404962	1.76375
0.950951	2.32497	0.397652	1.76375
0.960961	2.32891	0.39037	1.76375
0.970971	2.33278	0.383115	1.76375
0.980981	2.33658	0.375886	1.76375
0.990991	2.34031	0.368684	1.76375
1.001	2.34396	0.361507	1.76375
1.01101	2.34755	0.354355	1.76375
1.02102	2.35106	0.347228	1.76375
1.03103	2.3545	0.340126	1.76375
1.04104	2.35787	0.333048	1.76375
1.05105	2.36117	0.325993	1.76375
1.06106	2.36439	0.318962	1.76375
1.07107	2.36755	0.311953	1.76375
1.08108	2.37064	0.304967	1.76375
1.09109	2.37366	0.298003	1.76375
1.1011	2.37661	0.29106	1.76375
1.11111	2.37948	0.284138	1.76375
1.12112	2.38229	0.277237	1.76375
1.13113	2.38503	0.270356	1.76375
1.14114	2.38771	0.263495	1.76375
1.15115	2.39031	0.256653	1.76375
1.16116	2.39284	0.24983	1.76375
1.17117	2.39531	0.243025	1.76375
1.18118	2.39771	0.236238	1.76375
1.19119	2.40004	0.229468	1.76375
1.2012	2.4023	0.222715	1.76375
1.21121	2.4045	0.215979	1.76375
1.22122	2.40663	0.209259	1.76375
1.23123	2.40869	0.202554	1.76375
1.24124	2.41068	0.195865	1.76375
1.25125	2.41261	0.18919	1.76375
1.26126	2.41447	0.182529	1.76375
1.27127	2.41626	0.175882	1.76375
1.28128	2.41799	0.169248	1.76375
1.29129	2.41965	0.162627	1.76375
1.3013	2.42125	0.156018	1.76375
1.31131	2.42278	0.14942	1.76375
1.32132	2.42424	0.142834	1.76375
1.33133	2.42564	0.136259	1.76375
1.34134	2.42697	0.129694	1.76375
1.35135	2.42823	0.123139	1.76375
1.36136	2.42943	0.116594	1.76375
1.37137	2.43057	0.110057	1.76375
1.38138	2.43164	0.103528	1.76375
1.39139	2.43264	0.0970074	1.76375
1.4014	2.43358	0.0904941	1.76375
1.41141	2.43445	0.0839876	1.76375
1.42142	2.43526	0.0774876	1.76375
1.43143	2.436	0.0709935	1.76375
1.44144	2.43668	0.0645048	1.76375
1.45145	2.43729	0.058021	1.76375
1.46146	2.43784	0.0515417	1.76375
1.47147	2.43833	0.0450663	1.76375
1.48148	2.43874	0.0385943	1.76375
1.49149	2.4391	0.0321253	1.76375
1.5015	2.43939	0.0256588	1.76375
1.51151	2.43961	0.0191942	1.76375
1.52152	2.43977	0.0127311	1.76375
1.53153	2.43987	0.00626891	1.76375
1.54154	2.4399	-0.000192758	1.76375
1.55155	2.43986	-0.00665444	1.76375
1.56156	2.43976	-0.0131166	1.76375
1.57157	2.4396	-0.0195798	1.76375
1.58158	2.43937	-0.0260445	1.76375
1.59159	2.43908	-0.0325112	1.76375
1.6016	2.43872	-0.0389804	1.76375
1.61161	2.4383	-0.0454525	1.76375
1.62162	2.43781	-0.0519282	1.76375
1.63163	2.43726	-0.0584078	1.76375
1.64164	2.43664	-0.0648918	1.76375
1.65165	2.43596	-0.0713808	1.76375
1.66166	2.43521	-0.0778753	1.76375
1.67167	2.4344	-0.0843757	1.76375
1.68168	2.43352	-0.0908825	1.76375
1.69169	2.43258	-0.0973962	1.76375
1.7017	2.43157	-0.103917	1.76375
1.71171	2.4305	-0.110446	1.76375
1.72172	2.42936	-0.116984	1.76375
1.73173	2.42816	-0.12353	1.76375
1.74174	2.42689	-0.130086	1.76375
1.75175	2.42555	-0.136651	1.76375
1.76176	2.42415	-0.143227	1.76375
1.77177	2.42269	-0.149814	1.76375
1.78178	2.42115	-0.156412	1.76375
1.79179	2.41956	-0.163021	1.76375
1.8018	2.41789	-0.169643	1.76375
1.81181	2.41616	-0.176278	1.76375
1.82182	2.41436	-0.182926	1.76375
1.83183	2.4125	-0.189588	1.76375
1.84184	2.41057	-0.196263	1.76375
1.85185	2.40857	-0.202954	1.76375
1.86186	2.4065	-0.209659	1.76375
1.87187	2.40437	-0.21638	1.76375
1.88188	2.40217	-0.223118	1.76375
1.89189	2.3999	-0.229871	1.76375
1.9019	2.39757	-0.236642	1.76375
1.91191	2.39517	-0.24343	1.76375
1.92192	2.3927	-0.250236	1.76375
1.93193	2.39016	-0.25706	1.76375
1.94194	2.38755	-0.263904	1.76375
1.95195	2.38487	-0.270766	1.76375
1.96196	2.38213	-0.277648	1.76375
1.97197	2.37931	-0.284551	1.76375
1.98198	2.37643	-0.291474	1.76375
1.99199	2.37348	-0.298418	1.76375
2.002	2.37046	-0.305383	1.76375
2.01201	2.36737	-0.312371	1.76375
2.02202	2.3642	-0.319381	1.76375
2.03203	2.36097	-0.326414	1.76375
2.04204	2.35767	-0.33347	1.76375
2.05205	2.35429	-0.340549	1.76375
2.06206	2.35085	-0.347653	1.76375
2.07207	2.34733	-0.354781	1.76375
2.08208	2.34375	-0.361934	1.76375
2.09209	2.34009	-0.369113	1.76375
2.1021	2.33636	-0.376317	1.76375
2.11211	2.33255	-0.383547	1.76375
2.12212	2.32868	-0.390804	1.76375
2.13213	2.32473	-0.398087	1.76375
2.14214	2.32071	-0.405399	1.76375
2.15215	2.31661	-0.412737	1.76375
2.16216	2.31245	-0.420104	1.76375
2.17217	2.3082	-0.427499	1.76375
2.18218	2.30389	-0.434923	1.76375
2.19219	2.2995	-0.442376	1.76375
2.2022	2.29503	-0.449859	1.76375
2.21221	2.29049	-0.457372	1.76375
2.22222	2.28587	-0.464914	1.76375
2.23223	2.28118	-0.472488	1.76375
2.24224	2.27642	-0.480092	1.76375
2.25225	2.27157	-0.487727	1.76375
2.26226	2.26665	-0.495394	1.76375
2.27227	2.26165	-0.503093	1.76375
2.28228	2.25658	-0.510824	1.76375
2.29229	2.25143	-0.518587	1.76375
2.3023	2.2462	-0.526383	1.76375
2.31231	2.24089	-0.534212	1.76375
2.32232	2.2355	-0.542074	1.76375
2.33233	2.23004	-0.54997	1.76375
2.34234	2.22449	-0.557899	1.76375
2.35235	2.21887	-0.565862	1.76375
2.36236	2.21316	-0.57386	1.76375
2.37237	2.20738	-0.581892	1.76375
2.38238	2.20151	-0.589959	1.76375
2.39239	2.19557	-0.59806	1.76375
2.4024	2.18954	-0.606197	1.76375
2.41241	2.18343	-0.614369	1.76375
2.42242	2.17724	-0.622576	1.76375
2.43243	2.17097	-0.630819	1.76375
2.44244	2.16461	-0.639098	1.76375
2.45245	2.15817	-0.647412	1.76375
2.46246	2.15165	-0.655762	1.76375
2.47247	2.14504	-0.664149	1.76375
2.48248	2.13835	-0.672571	1.76375
2.49249	2.13158	-0.68103	1.76375
2.5025	2.12472	-0.689525	1.76375
2.51251	2.11777	-0.698056	1.76375
2.52252	2.11074	-0.706624	1.76375
2.53253	2.10363	-0.715228	1.76375
2.54254	2.09642	-0.723869	1.76375
2.55255	2.08913	-0.732546	1.76375
2.56256	2.08176	-0.741259	1.76375
2.57257	2.07429	-0.750009	1.76375
2.58258	2.06674	-0.758795	1.76375
2.59259	2.0591	-0.767617	1.76375
2.6026	2.05138	-0.776475	1.76375
2.61261	2.04356	-0.785369	1.76375
2.62262	2.03565	-0.794299	1.76375
2.63263	2.02766	-0.803264	1.76375
2.64264	2.01957	-0.812266	1.76375
2.65265	2.01139	-0.821302	1.76375
2.66266	2.00313	-0.830373	1.76375
2.67267	1.99477	-0.83948	1.76375
2.68268	1.98632	-0.848621	1.76375
2.69269	1.97778	-0.857796	1.76375
2.7027	1.96915	-0.867006	1.76375
2.71271	1.96042	-0.876249	1.76375
2.72272	1.95161	-0.885525	1.76375
2.73273	1.94269	-0.894834	1.76375
2.74274	1.93369	-0.904176	1.76375
2.75275	1.92459	-0.91355	1.76375
2.76276	1.9154	-0.922956	1.76375
2.77277	1.90612	-0.932393	1.76375
2.78278	1.89673	-0.941861	1.76375
2.79279	1.88726	-0.951359	1.76375
2.8028	1.87769	-0.960887	1.76375
2.81281	1.86802	-0.970443	1.76375
2.82282	1.85826	-0.980029	1.76375
2.83283	1.8484	-0.989642	1.76375
2.84284	1.83845	-0.999282	1.76375
2.85285	1.8284	-1.00895	1.76375
2.86286	1.81825	-1.01864	1.76375
2.87287	1.808	-1.02836	1.76375
2.88288	1.79766	-1.0381	1.76375
2.89289	1.78722	-1.04787	1.76375
2.9029	1.77668	-1.05765	1.76375
2.91291	1.76605	-1.06746	1.76375
2.92292	1.75531	-1.07729	1.76375
2.93293	1.74448	-1.08714	1.76375
2.94294	1.73355	-1.09701	1.76375
2.95295	1.72252	-1.1069	1.76375
2.96296	1.71139	-1.1168	1.76375
2.97297	1.70016	-1.12672	1.76375
2.98298	1.68883	-1.13665	1.76375
2.99299	1.6774	-1.1466	1.76375
3.003	1.66587	-1.15656	1.76375
3.01301	1.65425	-1.16653	1.76375
3.02302	1.64252	-1.17651	1.76375
3.03303	1.63069	-1.1865	1.76375
3.04304	1.61877	-1.19649	1.76375
3.05305	1.60674	-1.20649	1.76375
3.06306	1.59461	-1.2165	1.76375
3.07307	1.58239	-1.22651	1.76375
3.08308	1.57006	-1.23652	1.76375
3.09309	1.55763	-1.24653	1.76375
3.1031	1.5451	-1.25653	1.76375
3.11311	1.53247	-1.26654	1.76375
3.12312	1.51975	-1.27654	1.76375
3.13313	1.50692	-1.28653	1.76375
3.14314	1.49399	-1.29652	1.76375
3.15315	1.48096	-1.30649	1.76375
3.16316	1.46783	-1.31646	1.76375
3.17317	1.45461	-1.32641	1.76375
3.18318	1.44128	-1.33634	1.76375
3.19319	1.42785	-1.34626	1.76375
3.2032	1.41433	-1.35616	1.76375
3.21321	1.4007	-1.36603	1.76375
3.22322	1.38698	-1.37589	1.76375
3.23323	1.37316	-1.38572	1.76375
3.24324	1.35924	-1.39552	1.76375
3.25325	1.34522	-1.40529	1.76375
3.26326	1.3311	-1.41503	1.76375
3.27327	1.31689	-1.42474	1.76375
3.28328	1.30258	-1.43441	1.76375
3.29329	1.28817	-1.44404	1.76375
3.3033	1.27367	-1.45363	1.76375
3.31331	1.25907	-1.46318	1.76375
3.32332	1.24438	-1.47269	1.76375
3.33333	1.22959	-1.48214	1.76375
3.34334	1.21471	-1.49155	1.76375
3.35335	1.19973	-1.50091	1.76375
3.36336	1.18466	-1.51021	1.76375
3.37337	1.16949	-1.51945	1.76375
3.38338	1.15424	-1.52864	1.76375
3.39339	1.13889	-1.53776	1.76375
3.4034	1.12345	-1.54682	1.76375
3.41341	1.10792	-1.55581	1.76375
3.42342	1.09231	-1.56473	1.76375
3.43343	1.0766	-1.57358	1.76375
3.44344	1.0608	-1.58235	1.76375
3.45345	1.04492	-1.59105	1.76375
3.46346	1.02895	-1.59967	1.76375
3.47347	1.01289	-1.6082	1.76375
3.48348	0.996754	-1.61665	1.76375
3.49349	0.98053	-1.62501	1.76375
3.5035	0.964222	-1.63328	1.76375
3.51351	0.947832	-1.64146	1.76375
3.52352	0.93136	-1.64954	1.76375
3.53353	0.914808	-1.65752	1.76375
3.54354	0.898177	-1.6654	1.76375
3.55355	0.881467	-1.67318	1.76375
3.56356	0.86468	-1.68085	1.76375
3.57357	0.847817	-1.68841	1.76375
3.58358	0.830878	-1.69586	1.76375
3.59359	0.813866	-1.7032	1.76375
3.6036	0.796781	-1.71042	1.76375
3.61361	0.779624	-1.71751	1.76375
3.62362	0.762396	-1.72449	1.76375
3.63363	0.7451	-1.73134	1.76375
3.64364	0.727735	-1.73806	1.76375
3.65365	0.710304	-1.74466	1.76375
3.66366	0.692808	-1.75112	1.76375
3.67367	0.675247	-1.75744	1.76375
3.68368	0.657624	-1.76363	1.76375
3.69369	0.63994	-1.76968	1.76375
3.7037	0.622196	-1.77558	1.76375
3.71371	0.604393	-1.78135	1.76375
3.72372	0.586534	-1.78696	1.76375
3.73373	0.568619	-1.79243	1.76375
3.74374	0.55065	-1.79774	1.76375
3.75375	0.532628	-1.8029	1.76375
3.76376	0.514556	-1.80791	1.76375
3.77377	0.496435	-1.81275	1.76375
3.78378	0.478265	-1.81744	1.76375
3.79379	0.46005	-1.82197	1.76375
3.8038	0.44179	-1.82633	1.76375
3.81381	0.423487	-1.83052	1.76375
3.82382	0.405144	-1.83455	1.76375
3.83383	0.38676	-1.83842	1.76375
3.84384	0.368339	-1.84211	1.76375
3.85385	0.349882	-1.84562	1.76375
3.86386	0.33139	-1.84897	1.76375
3.87387	0.312866	-1.85214	1.76375
3.88388	0.294311	-1.85513	1.76375
3.89389	0.275727	-1.85794	1.76375
3.9039	0.257116	-1.86058	1.76375
3.91391	0.238479	-1.86303	1.76375
3.92392	0.219818	-1.86531	1.76375
3.93393	0.201136	-1.8674	1.76375
3.94394	0.182433	-1.86931	1.76375
3.95395	0.163713	-1.87103	1.76375
3.96396	0.144976	-1.87257	1.76375
3.97397	0.126225	-1.87392	1.76375
3.98398	0.107461	-1.87509	1.76375
3.99399	0.0886859	-1.87607	1.76375
4.004	0.0699022	-1.87686	1.76375
4.01401	0.0511116	-1.87747	1.76375
4.02402	0.0323159	-1.87789	1.76375
4.03403	0.013517	-1.87811	1.76375
4.04404	-0.00528334	-1.87816	1.76375
4.05405	-0.0240831	-1.87801	1.76375
4.06406	-0.0428805	-1.87767	1.76375
4.07407	-0.0616736	-1.87715	1.76375
4.08408	-0.0804605	-1.87644	1.76375
4.09409	-0.0992393	-1.87554	1.76375
4.1041	-0.118008	-1.87446	1.76375
4.11411	-0.136765	-1.87319	1.76375
4.12412	-0.155509	-1.87173	1.76375
4.13413	-0.174237	-1.87008	1.76375
4.14414	-0.192947	-1.86826	1.76375
4.15415	-0.211639	-1.86625	1.76375
4.16416	-0.230309	-1.86405	1.76375
4.17417	-0.248956	-1.86168	1.76375
4.18418	-0.267579	-1.85912	1.76375
4.19419	-0.286175	-1.85638	1.76375
4.2042	-0.304743	-1.85347	1.76375
4.21421	-0.323281	-1.85038	1.76375
4.22422	-0.341787	-1.84711	1.76375
4.23423	-0.36026	-1.84367	1.76375
4.24424	-0.378697	-1.84005	1.76375
4.25425	-0.397097	-1.83627	1.76375
4.26426	-0.415459	-1.83231	1.76375
4.27427	-0.43378	-1.82819	1.76375
4.28428	-0.452058	-1.8239	1.76375
4.29429	-0.470293	-1.81944	1.76375
4.3043	-0.488483	-1.81482	1.76375
4.31431	-0.506626	-1.81005	1.76375
4.32432	-0.52472	-1.80511	1.76375
4.33433	-0.542764	-1.80002	1.76375
4.34434	-0.560756	-1.79477	1.76375
4.35435	-0.578694	-1.78937	1.76375
4.36436	-0.596578	-1.78382	1.76375
4.37437	-0.614406	-1.77813	1.76375
4.38438	-0.632176	-1.77228	1.76375
4.39439	-0.649887	-1.7663	1.76375
4.4044	-0.667537	-1.76017	1.76375
4.41441	-0.685125	-1.7539	1.76375
4.42442	-0.70265	-1.7475	1.76375
4.43443	-0.72011	-1.74097	1.76375
4.44444	-0.737503	-1.7343	1.76375
4.45445	-0.75483	-1.72751	1.76375
4.46446	-0.772088	-1.72058	1.76375
4.47447	-0.789276	-1.71354	1.76375
4.48448	-0.806392	-1.70637	1.76375
4.49449	-0.823437	-1.69909	1.76375
4.5045	-0.840408	-1.69169	1.76375
4.51451	-0.857304	-1.68418	1.76375
4.52452	-0.874125	-1.67655	1.76375
4.53453	-0.890868	-1.66882	1.76375
4.54454	-0.907534	-1.66099	1.76375
4.55455	-0.924121	-1.65305	1.76375
4.56456	-0.940628	-1.64501	1.76375
4.57457	-0.957054	-1.63688	1.76375
4.58458	-0.973398	-1.62865	1.76375
4.59459	-0.989659	-1.62032	1.76375
4.6046	-1.00584	-1.61191	1.76375
4.61461	-1.02193	-1.60342	1.76375
4.62462	-1.03794	-1.59483	1.76375
4.63463	-1.05386	-1.58617	1.76375
4.64464	-1.06969	-1.57743	1.76375
4.65465	-1.08544	-1.56861	1.76375
4.66466	-1.10109	-1.55972	1.76375
4.67467	-1.11666	-1.55076	1.76375
4.68468	-1.13214	-1.54173	1.76375
4.69469	-1.14753	-1.53264	1.76375
4.7047	-1.16282	-1.52348	1.76375
4.71471	-1.17803	-1.51426	1.76375
4.72472	-1.19314	-1.50499	1.76375
4.73473	-1.20816	-1.49565	1.76375
4.74474	-1.22308	-1.48627	1.76375
4.75475	-1.23791	-1.47683	1.76375
4.76476	-1.25265	-1.46735	1.76375
4.77477	-1.26729	-1.45782	1.76375
4.78478	-1.28183	-1.44825	1.76375
4.79479	-1.29628	-1.43863	1.76375
4.8048	-1.31064	-1.42898	1.76375
4.81481	-1.32489	-1.41928	1.76375
4.82482	-1.33905	-1.40956	1.76375
4.83483	-1.35311	-1.3998	1.76375
4.84484	-1.36707	-1.39001	1.76375
4.85485	-1.38094	-1.38019	1.76375
4.86486	-1.3947	-1.37035	1.76375
4.87487	-1.40837	-1.36048	1.76375
4.88488	-1.42194	-1.3506	1.76375
4.89489	-1.43541	-1.34069	1.76375
4.9049	-1.44878	-1.33076	1.76375
4.91491	-1.46205	-1.32082	1.76375
4.92492	-1.47522	-1.31086	1.76375
4.93493	-1.4883	-1.30089	1.76375
4.94494	-1.50127	-1.29091	1.76375
4.95495	-1.51414	-1.28092	1.76375
4.96496	-1.52691	-1.27092	1.76375
4.97497	-1.53958	-1.26092	1.76375
4.98498	-1.55216	-1.25091	1.76375
4.99499	-1.56463	-1.2409	1.76375
5.00501	-1.577	-1.23089	1.76375
5.01502	-1.58927	-1.22088	1.76375
5.02503	-1.60144	-1.21088	1.76375
5.03504	-1.61351	-1.20087	1.76375
5.04505	-1.62548	-1.19087	1.76375
5.05506	-1.63735	-1.18088	1.76375
5.06507	-1.64912	-1.1709	1.76375
5.07508	-1.66079	-1.16092	1.76375
5.08509	-1.67237	-1.15096	1.76375
5.0951	-1.68384	-1.14101	1.76375
5.10511	-1.69521	-1.13107	1.76375
5.11512	-1.70648	-1.12114	1.76375
5.12513	-1.71765	-1.11123	1.76375
5.13514	-1.72873	-1.10134	1.76375
5.14515	-1.7397	-1.09146	1.76375
5.15516	-1.75058	-1.0816	1.76375
5.16517	-1.76136	-1.07176	1.76375
5.17518	-1.77204	-1.06195	1.76375
5.18519	-1.78262	-1.05215	1.76375
5.1952	-1.7931	-1.04237	1.76375
5.20521	-1.80349	-1.03262	1.76375
5.21522	-1.81377	-1.02289	1.76375
5.22523	-1.82396	-1.01319	1.76375
5.23524	-1.83406	-1.00351	1.76375
5.24525	-1.84405	-0.99386	1.76375
5.25526	-1.85395	-0.984235	1.76375
5.26527	-1.86376	-0.974638	1.76375
5.27528	-1.87347	-0.965069	1.76375
5.28529	-1.88308	-0.955528	1.76375
5.2953	-1.8926	-0.946017	1.76375
5.30531	-1.90202	-0.936536	1.76375
5.31532	-1.91135	-0.927085	1.76375
5.32533	-1.92058	-0.917666	1.76375
5.33534	-1.92972	-0.908278	1.76375
5.34535	-1.93876	-0.898922	1.76375
5.35536	-1.94771	-0.889598	1.76375
5.36537	-1.95657	-0.880307	1.76375
5.37538	-1.96534	-0.871049	1.76375
5.38539	-1.97401	-0.861825	1.76375
5.3954	-1.98259	-0.852635	1.76375
5.40541	-1.99108	-0.843479	1.76375
5.41542	-1.99948	-0.834357	1.76375
5.42543	-2.00779	-0.825271	1.76375
5.43544	-2.016	-0.816219	1.76375
5.44545	-2.02413	-0.807202	1.76375
5.45546	-2.03216	-0.798221	1.76375
5.46547	-2.04011	-0.789275	1.76375
5.47548	-2.04796	-0.780366	1.76375
5.48549	-2.05573	-0.771492	1.76375
5.4955	-2.06341	-0.762654	1.76375
5.50551	-2.071	-0.753852	1.76375
5.51552	-2.0785	-0.745086	1.76375
5.52553	-2.08592	-0.736357	1.76375
5.53554	-2.09324	-0.727664	1.76375
5.54555	-2.10048	-0.719008	1.76375
5.55556	-2.10764	-0.710388	1.76375
5.56557	-2.11471	-0.701804	1.76375
5.57558	-2.12169	-0.693257	1.76375
5.58559	-2.12858	-0.684746	1.76375
5.5956	-2.1354	-0.676271	1.76375
5.60561	-2.14212	-0.667833	1.76375
5.61562	-2.14877	-0.659431	1.76375
5.62563	-2.15533	-0.651065	1.76375
5.63564	-2.1618	-0.642735	1.76375
5.64565	-2.16819	-0.63444	1.76375
5.65566	-2.1745	-0.626182	1.76375
5.66567	-2.18073	-0.617959	1.76375
5.67568	-2.18687	-0.609772	1.76375
5.68569	-2.19294	-0.60162	1.76375
5.6957	-2.19892	-0.593503	1.76375
5.70571	-2.20482	-0.585421	1.76375
5.71572	-2.21064	-0.577373	1.76375
5.72573	-2.21638	-0.569361	1.76375
5.73574	-2.22204	-0.561382	1.76375
5.74575	-2.22762	-0.553438	1.76375
5.75576	-2.23312	-0.545528	1.76375
5.76577	-2.23854	-0.537651	1.76375
5.77578	-2.24388	-0.529807	1.76375
5.78579	-2.24915	-0.521997	1.76375
5.7958	-2.25433	-0.51422	1.76375
5.80581	-2.25944	-0.506475	1.76375
5.81582	-2.26447	-0.498762	1.76375
5.82583	-2.26943	-0.491081	1.76375
5.83584	-2.2743	-0.483432	1.76375
5.84585	-2.2791	-0.475814	1.76375
5.85586	-2.28383	-0.468227	1.76375
5.86587	-2.28848	-0.460671	1.76375
5.87588	-2.29305	-0.453146	1.76375
5.88589	-2.29755	-0.44565	1.76375
5.8959	-2.30197	-0.438184	1.76375
5.90591	-2.30632	-0.430747	1.76375
5.91592	-2.3106	-0.423339	1.76375
5.92593	-2.3148	-0.41596	1.76375
5.93594	-2.31893	-0.408609	1.76375
5.94595	-2.32298	-0.401286	1.76375
5.95596	-2.32696	-0.39399	1.76375
5.96597	-2.33087	-0.386722	1.76375
5.97598	-2.3347	-0.37948	1.76375
5.98599	-2.33846	-0.372264	1.76375
5.996	-2.34215	-0.365075	1.76375
6.00601	-2.34577	-0.357911	1.76375
6.01602	-2.34932	-0.350772	1.76375
6.02603	-2.3528	-0.343657	1.76375
6.03604	-2.3562	-0.336567	1.76375
6.04605	-2.35953	-0.329501	1.76375
6.05606	-2.3628	-0.322458	1.76375
6.06607	-2.36599	-0.315438	1.76375
6.07608	-2.36911	-0.308441	1.76375
6.08609	-2.37216	-0.301466	1.76375
6.0961	-2.37515	-0.294512	1.76375
6.10611	-2.37806	-0.28758	1.76375
6.11612	-2.3809	-0.280669	1.76375
6.12613	-2.38368	-0.273778	1.76375
6.13614	-2.38639	-0.266907	1.76375
6.14615	-2.38902	-0.260055	1.76375
6.15616	-2.39159	-0.253223	1.76375
6.16617	-2.39409	-0.246409	1.76375
6.17618	-2.39652	-0.239613	1.76375
6.18619	-2.39889	-0.232834	1.76375
6.1962	-2.40119	-0.226073	1.76375
6.20621	-2.40342	-0.219329	1.76375
6.21622	-2.40558	-0.212601	1.76375
6.22623	-2.40767	-0.205889	1.76375
6.23624	-2.4097	-0.199192	1.76375
6.24625	-2.41166	-0.192509	1.76375
6.25626	-2.41355	-0.185842	1.76375
6.26627	-2.41538	-0.179188	1.76375
6.27628	-2.41714	-0.172547	1.76375
6.28629	-2.41883	-0.16592	1.76375
6.2963	-2.42046	-0.159305	1.76375
6.30631	-2.42202	-0.152702	1.76375
6.31632	-2.42352	-0.14611	1.76375
6.32633	-2.42495	-0.13953	1.76375
6.33634	-2.42631	-0.13296	1.76375
6.34635	-2.42761	-0.1264	1.76375
6.35636	-2.42884	-0.11985	1.76375
6.36637	-2.43001	-0.113308	1.76375
6.37638	-2.43111	-0.106776	1.76375
6.38639	-2.43215	-0.100251	1.76375
6.3964	-2.43312	-0.0937343	1.76375
6.40641	-2.43402	-0.0872245	1.76375
6.41642	-2.43487	-0.0807214	1.76375
6.42643	-2.43564	-0.0742244	1.76375
6.43644	-2.43635	-0.0677331	1.76375
6.44645	-2.437	-0.0612469	1.76375
6.45646	-2.43758	-0.0547654	1.76375
6.46647	-2.43809	-0.0482881	1.76375
6.47648	-2.43854	-0.0418145	1.76375
6.48649	-2.43893	-0.0353441	1.76375
6.4965	-2.43925	-0.0288764	1.76375
6.50651	-2.43951	-0.0224109	1.76375
6.51652	-2.4397	-0.0159471	1.76375
6.52653	-2.43983	-0.00948449	1.76375
6.53654	-2.43989	-0.00302265	1.76375
6.54655	-2.43989	0.00343897	1.76375
6.55656	-2.43982	0.00990084	1.76375
6.56657	-2.43969	0.0163635	1.76375
6.57658	-2.43949	0.0228274	1.76375
6.58659	-2.43923	0.029293	1.76375
6.5966	-2.43891	0.0357609	1.76375
6.60661	-2.43852	0.0422315	1.76375
6.61662	-2.43806	0.0487053	1.76375
6.62663	-2.43754	0.0551829	1.76375
6.63664	-2.43696	0.0616646	1.76375
6.64665	-2.43631	0.0681511	1.76375
6.65666	-2.43559	0.0746428	1.76375
6.66667	-2.43481	0.0811402	1.76375
6.67668	-2.43397	0.0876437	1.76375
6.68669	-2.43306	0.094154	1.76375
6.6967	-2.43208	0.100671	1.76375
6.70671	-2.43104	0.107196	1.76375
6.71672	-2.42994	0.11373	1.76375
6.72673	-2.42877	0.120271	1.76375
6.73674	-2.42753	0.126822	1.76375
6.74675	-2.42623	0.133383	1.76375
6.75676	-2.42486	0.139953	1.76375
6.76677	-2.42343	0.146535	1.76375
6.77678	-2.42193	0.153127	1.76375
6.78679	-2.42036	0.159731	1.76375
6.7968	-2.41873	0.166347	1.76375
6.80681	-2.41703	0.172975	1.76375
6.81682	-2.41526	0.179616	1.76375
6.82683	-2.41343	0.186271	1.76375
6.83684	-2.41154	0.19294	1.76375
6.84685	-2.40957	0.199623	1.76375
6.85686	-2.40754	0.206321	1.76375
6.86687	-2.40544	0.213034	1.76375
6.87688	-2.40327	0.219763	1.76375
6.88689	-2.40104	0.226508	1.76375
6.8969	-2.39874	0.233271	1.76375
6.90691	-2.39637	0.24005	1.76375
6.91692	-2.39393	0.246847	1.76375
6.92693	-2.39143	0.253662	1.76375
6.93694	-2.38886	0.260496	1.76375
6.94695	-2.38621	0.267349	1.76375
6.95696	-2.3835	0.274221	1.76375
6.96697	-2.38072	0.281113	1.76375
6.97698	-2.37787	0.288026	1.76375
6.98699	-2.37496	0.29496	1.76375
6.997	-2.37197	0.301915	1.76375
7.00701	-2.36891	0.308891	1.76375
7.01702	-2.36579	0.31589	1.76375
7.02703	-2.36259	0.322911	1.76375
7.03704	-2.35932	0.329955	1.76375
7.04705	-2.35598	0.337023	1.76375
7.05706	-2.35257	0.344115	1.76375
7.06707	-2.34909	0.351231	1.76375
7.07708	-2.34554	0.358371	1.76375
7.08709	-2.34192	0.365537	1.76375
7.0971	-2.33822	0.372729	1.76375
7.10711	-2.33446	0.379946	1.76375
7.11712	-2.33062	0.387189	1.76375
7.12713	-2.3267	0.39446	1.76375
7.13714	-2.32272	0.401757	1.76375
7.14715	-2.31866	0.409082	1.76375
7.15716	-2.31453	0.416435	1.76375
7.16717	-2.31032	0.423816	1.76375
7.17718	-2.30604	0.431225	1.76375
7.18719	-2.30169	0.438664	1.76375
7.1972	-2.29726	0.446132	1.76375
7.20721	-2.29276	0.45363	1.76375
7.21722	-2.28818	0.461157	1.76375
7.22723	-2.28353	0.468715	1.76375
7.23724	-2.2788	0.476304	1.76375
7.24725	-2.27399	0.483924	1.76375
7.25726	-2.26911	0.491575	1.76375
7.26727	-2.26415	0.499258	1.76375
7.27728	-2.25911	0.506973	1.76375
7.28729	-2.254	0.51472	1.76375
7.2973	-2.24881	0.522499	1.76375
7.30731	-2.24354	0.530312	1.76375
7.31732	-2.23819	0.538157	1.76375
7.32733	-2.23277	0.546036	1.76375
7.33734	-2.22726	0.553949	1.76375
7.34735	-2.22168	0.561895	1.76375
7.35736	-2.21601	0.569876	1.76375
7.36737	-2.21027	0.577891	1.76375
7.37738	-2.20444	0.58594	1.76375
7.38739	-2.19854	0.594025	1.76375
7.3974	-2.19255	0.602144	1.76375
7.40741	-2.18648	0.610298	1.76375
7.41742	-2.18033	0.618488	1.76375
7.42743	-2.1741	0.626713	1.76375
7.43744	-2.16778	0.634974	1.76375
7.44745	-2.16139	0.64327	1.76375
7.45746	-2.15491	0.651603	1.76375
7.46747	-2.14834	0.659971	1.76375
7.47748	-2.14169	0.668375	1.76375
7.48749	-2.13496	0.676816	1.76375
7.4975	-2.12814	0.685293	1.76375
7.50751	-2.12124	0.693806	1.76375
7.51752	-2.11425	0.702356	1.76375
7.52753	-2.10718	0.710942	1.76375
7.53754	-2.10002	0.719565	1.76375
7.54755	-2.09277	0.728223	1.76375
7.55756	-2.08544	0.736919	1.76375
7.56757	-2.07802	0.74565	1.76375
7.57758	-2.07051	0.754418	1.76375
7.58759	-2.06292	0.763222	1.76375
7.5976	-2.05523	0.772062	1.76375
7.60761	-2.04746	0.780938	1.76375
7.61762	-2.0396	0.789851	1.76375
7.62763	-2.03165	0.798799	1.76375
7.63764	-2.02361	0.807782	1.76375
7.64765	-2.01547	0.816801	1.76375
7.65766	-2.00725	0.825855	1.76375
7.66767	-1.99894	0.834944	1.76375
7.67768	-1.99054	0.844068	1.76375
7.68769	-1.98204	0.853226	1.76375
7.6977	-1.97346	0.862419	1.76375
7.70771	-1.96478	0.871645	1.76375
7.71772	-1.95601	0.880905	1.76375
7.72773	-1.94714	0.890198	1.76375
7.73774	-1.93818	0.899523	1.76375
7.74775	-1.92913	0.908882	1.76375
7.75776	-1.91999	0.918272	1.76375
7.76777	-1.91075	0.927693	1.76375
7.77778	-1.90141	0.937146	1.76375
7.78779	-1.89199	0.946629	1.76375
7.7978	-1.88246	0.956142	1.76375
7.80781	-1.87284	0.965684	1.76375
7.81782	-1.86313	0.975255	1.76375
7.82783	-1.85332	0.984855	1.76375
7.83784	-1.84341	0.994481	1.76375
7.84785	-1.83341	1.00414	1.76375
7.85786	-1.82331	1.01381	1.76375
7.86787	-1.81311	1.02352	1.76375
7.87788	-1.80282	1.03325	1.76375
7.88789	-1.79243	1.043	1.76375
7.8979	-1.78194	1.05278	1.76375
7.90791	-1.77135	1.06258	1.76375
7.91792	-1.76067	1.0724	1.76375
7.92793	-1.74988	1.08224	1.76375
7.93794	-1.739	1.0921	1.76375
7.94795	-1.72802	1.10198	1.76375
7.95796	-1.71694	1.11187	1.76375
7.96797	-1.70576	1.12178	1.76375
7.97798	-1.69448	1.13171	1.76375
7.98799	-1.6831	1.14165	1.76375
7.998	-1.67162	1.1516	1.76375
8.00801	-1.66005	1.16157	1.76375
8.01802	-1.64837	1.17154	1.76375
8.02803	-1.63659	1.18153	1.76375
8.03804	-1.62471	1.19152	1.76375
8.04805	-1.61274	1.20152	1.76375
8.05806	-1.60066	1.21152	1.76375
8.06807	-1.58848	1.22153	1.76375
8.07808	-1.5762	1.23154	1.76375
8.08809	-1.56383	1.24155	1.76375
8.0981	-1.55135	1.25156	1.76375
8.10811	-1.53877	1.26156	1.76375
8.11812	-1.52609	1.27156	1.76375
8.12813	-1.51331	1.28156	1.76375
8.13814	-1.50044	1.29155	1.76375
8.14815	-1.48746	1.30153	1.76375
8.15816	-1.47438	1.3115	1.76375
8.16817	-1.4612	1.32146	1.76375
8.17818	-1.44792	1.3314	1.76375
8.18819	-1.43455	1.34133	1.76375
8.1982	-1.42107	1.35123	1.76375
8.20821	-1.40749	1.36112	1.76375
8.21822	-1.39382	1.37099	1.76375
8.22823	-1.38005	1.38083	1.76375
8.23824	-1.36618	1.39064	1.76375
8.24825	-1.35221	1.40043	1.76375
8.25826	-1.33814	1.41019	1.76375
8.26827	-1.32398	1.41991	1.76375
8.27828	-1.30971	1.4296	1.76375
8.28829	-1.29535	1.43925	1.76375
8.2983	-1.2809	1.44886	1.76375
8.30831	-1.26635	1.45843	1.76375
8.31832	-1.2517	1.46796	1.76375
8.32833	-1.23696	1.47744	1.76375
8.33834	-1.22212	1.48688	1.76375
8.34835	-1.20719	1.49626	1.76375
8.35836	-1.19217	1.50559	1.76375
8.36837	-1.17705	1.51486	1.76375
8.37838	-1.16184	1.52407	1.76375
8.38839	-1.14654	1.53323	1.76375
8.3984	-1.13115	1.54232	1.76375
8.40841	-1.11566	1.55134	1.76375
8.41842	-1.10009	1.5603	1.76375
8.42843	-1.08443	1.56918	1.76375
8.43844	-1.06867	1.578	1.76375
8.44845	-1.05283	1.58673	1.76375
8.45846	-1.03691	1.59539	1.76375
8.46847	-1.0209	1.60397	1.76375
8.47848	-1.0048	1.61246	1.76375
8.48849	-0.988614	1.62086	1.76375
8.4985	-0.972347	1.62918	1.76375
8.50851	-0.955998	1.6374	1.76375
8.51852	-0.939567	1.64553	1.76375
8.52853	-0.923055	1.65356	1.76375
8.53854	-0.906463	1.6615	1.76375
8.54855	-0.889792	1.66932	1.76375
8.55856	-0.873043	1.67705	1.76375
8.56857	-0.856218	1.68467	1.76375
8.57858	-0.839317	1.69217	1.76375
8.58859	-0.822341	1.69956	1.76375
8.5986	-0.805292	1.70684	1.76375
8.60861	-0.78817	1.714	1.76375
8.61862	-0.770978	1.72103	1.76375
8.62863	-0.753716	1.72795	1.76375
8.63864	-0.736385	1.73473	1.76375
8.64865	-0.718987	1.74139	1.76375
8.65866	-0.701522	1.74792	1.76375
8.66867	-0.683994	1.75431	1.76375
8.67868	-0.666402	1.76057	1.76375
8.68869	-0.648748	1.76669	1.76375
8.6987	-0.631033	1.77266	1.76375
8.70871	-0.613259	1.7785	1.76375
8.71872	-0.595428	1.78418	1.76375
8.72873	-0.57754	1.78972	1.76375
8.73874	-0.559598	1.79511	1.76375
8.74875	-0.541603	1.80035	1.76375
8.75876	-0.523556	1.80543	1.76375
8.76877	-0.505458	1.81036	1.76375
8.77878	-0.487313	1.81513	1.76375
8.78879	-0.46912	1.81973	1.76375
8.7988	-0.450882	1.82418	1.76375
8.80881	-0.4326	1.82846	1.76375
8.81882	-0.414277	1.83257	1.76375
8.82883	-0.395913	1.83652	1.76375
8.83884	-0.37751	1.84029	1.76375
8.84885	-0.359071	1.84389	1.76375
8.85886	-0.340596	1.84733	1.76375
8.86887	-0.322088	1.85058	1.76375
8.87888	-0.303548	1.85366	1.76375
8.88889	-0.284978	1.85657	1.76375
8.8989	-0.26638	1.85929	1.76375
8.90891	-0.247756	1.86183	1.76375
8.91892	-0.229107	1.8642	1.76375
8.92893	-0.210435	1.86638	1.76375
8.93894	-0.191742	1.86838	1.76375
8.94895	-0.173031	1.8702	1.76375
8.95896	-0.154302	1.87183	1.76375
8.96897	-0.135557	1.87327	1.76375
8.97898	-0.116799	1.87453	1.76375
8.98899	-0.0980297	1.87561	1.76375
8.999	-0.0792503	1.87649	1.76375
9.00901	-0.0604629	1.87719	1.76375
9.01902	-0.0416695	1.8777	1.76375
9.02903	-0.0228719	1.87802	1.76375
9.03904	-0.00407206	1.87816	1.76375
9.04905	0.0147282	1.87811	1.76375
9.05906	0.033527	1.87786	1.76375
9.06907	0.0523225	1.87743	1.76375
9.07908	0.0711127	1.87682	1.76375
9.08909	0.0898958	1.87601	1.76375
9.0991	0.10867	1.87502	1.76375
9.10911	0.127433	1.87384	1.76375
9.11912	0.146184	1.87248	1.76375
9.12913	0.164919	1.87093	1.76375
9.13914	0.183639	1.86919	1.76375
9.14915	0.20234	1.86727	1.76375
9.15916	0.221021	1.86517	1.76375
9.16917	0.23968	1.86288	1.76375
9.17918	0.258315	1.86041	1.76375
9.18919	0.276925	1.85777	1.76375
9.1992	0.295507	1.85494	1.76375
9.20921	0.31406	1.85194	1.76375
9.21922	0.332583	1.84876	1.76375
9.22923	0.351072	1.8454	1.76375
9.23924	0.369527	1.84187	1.76375
9.24925	0.387946	1.83817	1.76375
9.25926	0.406327	1.8343	1.76375
9.26927	0.424668	1.83026	1.76375
9.27928	0.442968	1.82605	1.76375
9.28929	0.461225	1.82168	1.76375
9.2993	0.479437	1.81714	1.76375
9.30931	0.497604	1.81244	1.76375
9.31932	0.515722	1.80759	1.76375
9.32933	0.533791	1.80257	1.76375
9.33934	0.551809	1.7974	1.76375
9.34935	0.569775	1.79208	1.76375
9.35936	0.587686	1.7866	1.76375
9.36937	0.605542	1.78098	1.76375
9.37938	0.623341	1.77521	1.76375
9.38939	0.641081	1.76929	1.76375
9.3994	0.658762	1.76324	1.76375
9.40941	0.676381	1.75704	1.76375
9.41942	0.693937	1.7507	1.76375
9.42943	0.711429	1.74424	1.76375
9.43944	0.728856	1.73763	1.76375
9.44945	0.746216	1.7309	1.76375
9.45946	0.763509	1.72404	1.76375
9.46947	0.780731	1.71706	1.76375
9.47948	0.797884	1.70995	1.76375
9.48949	0.814964	1.70273	1.76375
9.4995	0.831972	1.69539	1.76375
9.50951	0.848906	1.68793	1.76375
9.51952	0.865764	1.68036	1.76375
9.52953	0.882546	1.67268	1.76375
9.53954	0.899251	1.6649	1.76375
9.54955	0.915877	1.65701	1.76375
9.55956	0.932424	1.64902	1.76375
9.56957	0.94889	1.64094	1.76375
9.57958	0.965275	1.63275	1.76375
9.58959	0.981578	1.62448	1.76375
9.5996	0.997797	1.61611	1.76375
9.60961	1.01393	1.60765	1.76375
9.61962	1.02998	1.59911	1.76375
9.62963	1.04595	1.59049	1.76375
9.63964	1.06182	1.58179	1.76375
9.64965	1.07761	1.57301	1.76375
9.65966	1.09331	1.56416	1.76375
9.66967	1.10893	1.55523	1.76375
9.67968	1.12445	1.54624	1.76375
9.68969	1.13988	1.53717	1.76375
9.6997	1.15522	1.52805	1.76375
9.70971	1.17047	1.51886	1.76375
9.71972	1.18563	1.50961	1.76375
9.72973	1.2007	1.50031	1.76375
9.73974	1.21567	1.49095	1.76375
9.74975	1.23054	1.48154	1.76375
9.75976	1.24533	1.47207	1.76375
9.76977	1.26002	1.46257	1.76375
9.77978	1.27461	1.45301	1.76375
9.78979	1.2891	1.44342	1.76375
9.7998	1.30351	1.43378	1.76375
9.80981	1.31781	1.42411	1.76375
9.81982	1.33202	1.4144	1.76375
9.82983	1.34613	1.40466	1.76375
9.83984	1.36014	1.39489	1.76375
9.84985	1.37405	1.38508	1.76375
9.85986	1.38787	1.37525	1.76375
9.86987	1.40158	1.3654	1.76375
9.87988	1.4152	1.35552	1.76375
9.88989	1.42872	1.34562	1.76375
9.8999	1.44214	1.3357	1.76375
9.90991	1.45546	1.32577	1.76375
9.91992	1.46868	1.31582	1.76375
9.92993	1.4818	1.30585	1.76375
9.93994	1.49483	1.29588	1.76375
9.94995	1.50775	1.28589	1.76375
9.95996	1.52057	1.2759	1.76375
9.96997	1.53329	1.2659	1.76375
9.97998	1.54591	1.25589	1.76375
9.98999	1.55843	1.24588	1.76375
10	1.57086	1.23587	1.76375
