0	1.5708	0.859399	1.36928
0.01001	1.57935	0.849389	1.36928
0.02002	1.5878	0.83938	1.36928
0.03003	1.59615	0.829372	1.36928
0.04004	1.60441	0.819367	1.36928
0.0500501	1.61256	0.809364	1.36928
0.0600601	1.62061	0.799364	1.36928
0.0700701	1.62856	0.789369	1.36928
0.0800801	1.63641	0.779378	1.36928
0.0900901	1.64416	0.769392	1.36928
0.1001	1.65182	0.759412	1.36928
0.11011	1.65937	0.749438	1.36928
0.12012	1.66682	0.73947	1.36928
0.13013	1.67417	0.72951	1.36928
0.14014	1.68142	0.719557	1.36928
0.15015	1.68858	0.709613	1.36928
0.16016	1.69563	0.699676	1.36928
0.17017	1.70258	0.689749	1.36928
0.18018	1.70944	0.67983	1.36928
0.19019	1.71619	0.669921	1.36928
0.2002	1.72285	0.660021	1.36928
0.21021	1.72941	0.650132	1.36928
0.22022	1.73587	0.640253	1.36928
0.23023	1.74223	0.630384	1.36928
0.24024	1.74849	0.620526	1.36928
0.25025	1.75465	0.610679	1.36928
0.26026	1.76071	0.600844	1.36928
0.27027	1.76668	0.591019	1.36928
0.28028	1.77255	0.581206	1.36928
0.29029	1.77831	0.571405	1.36928
0.3003	1.78398	0.561616	1.36928
0.31031	1.78956	0.551839	1.36928
0.32032	1.79503	0.542073	1.36928
0.33033	1.80041	0.53232	1.36928
0.34034	1.80569	0.522579	1.36928
0.35035	1.81087	0.51285	1.36928
0.36036	1.81596	0.503133	1.36928
0.37037	1.82094	0.493428	1.36928
0.38038	1.82584	0.483736	1.36928
0.39039	1.83063	0.474056	1.36928
0.4004	1.83533	0.464388	1.36928
0.41041	1.83993	0.454732	1.36928
0.42042	1.84443	0.445088	1.36928
0.43043	1.84884	0.435457	1.36928
0.44044	1.85315	0.425837	1.36928
0.45045	1.85736	0.41623	1.36928
0.46046	1.86148	0.406634	1.36928
0.47047	1.8655	0.397049	1.36928
0.48048	1.86943	0.387477	1.36928
0.49049	1.87326	0.377915	1.36928
0.500501	1.877	0.368365	1.36928
0.510511	1.88064	0.358827	1.36928
0.520521	1.88418	0.349299	1.36928
0.530531	1.88763	0.339781	1.36928
0.540541	1.89098	0.330275	1.36928
0.550551	1.89424	0.320779	1.36928
0.560561	1.8974	0.311293	1.36928
0.570571	1.90047	0.301817	1.36928
0.580581	1.90345	0.292351	1.36928
0.590591	1.90633	0.282895	1.36928
0.600601	1.90911	0.273447	1.36928
0.610611	1.9118	0.264009	1.36928
0.620621	1.9144	0.25458	1.36928
0.630631	1.9169	0.245159	1.36928
0.640641	1.9193	0.235747	1.36928
0.650651	1.92162	0.226343	1.36928
0.660661	1.92383	0.216946	1.36928
0.670671	1.92596	0.207557	1.36928
0.680681	1.92799	0.198176	1.36928
0.690691	1.92993	0.188801	1.36928
0.700701	1.93177	0.179433	1.36928
0.710711	1.93352	0.170071	1.36928
0.720721	1.93517	0.160715	1.36928
0.730731	1.93674	0.151365	1.36928
0.740741	1.93821	0.142021	1.36928
0.750751	1.93958	0.132681	1.36928
0.760761	1.94086	0.123347	1.36928
0.770771	1.94205	0.114016	1.36928
0.780781	1.94314	0.10469	1.36928
0.790791	1.94415	0.0953681	1.36928
0.800801	1.94505	0.0860494	1.36928
0.810811	1.94587	0.0767338	1.36928
0.820821	1.94659	0.067421	1.36928
0.830831	1.94722	0.0581107	1.36928
0.840841	1.94775	0.0488025	1.36928
0.850851	1.94819	0.0394962	1.36928
0.860861	1.94854	0.0301913	1.36928
0.870871	1.9488	0.0208875	1.36928
0.880881	1.94896	0.0115845	1.36928
0.890891	1.94903	0.00228192	1.36928
0.900901	1.94901	-0.00702058	1.36928
0.910911	1.94889	-0.0163233	1.36928
0.920921	1.94868	-0.0256267	1.36928
0.930931	1.94838	-0.034931	1.36928
0.940941	1.94798	-0.0442366	1.36928
0.950951	1.94749	-0.0535438	1.36928
0.960961	1.94691	-0.062853	1.36928
0.970971	1.94623	-0.0721645	1.36928
0.980981	1.94546	-0.0814787	1.36928
0.990991	1.9446	-0.0907959	1.36928
1.001	1.94365	-0.100116	1.36928
1.01101	1.9426	-0.10944	1.36928
1.02102	1.94146	-0.118769	1.36928
1.03103	1.94022	-0.128101	1.36928
1.04104	1.93889	-0.137438	1.36928
1.05105	1.93747	-0.14678	1.36928
1.06106	1.93595	-0.156127	1.36928
1.07107	1.93434	-0.16548	1.36928
1.08108	1.93264	-0.174839	1.36928
1.09109	1.93084	-0.184204	1.36928
1.1011	1.92895	-0.193575	1.36928
1.11111	1.92697	-0.202954	1.36928
1.12112	1.92489	-0.212339	1.36928
1.13113	1.92272	-0.221732	1.36928
1.14114	1.92045	-0.231132	1.36928
1.15115	1.91809	-0.240541	1.36928
1.16116	1.91563	-0.249957	1.36928
1.17117	1.91308	-0.259382	1.36928
1.18118	1.91044	-0.268816	1.36928
1.19119	1.9077	-0.278259	1.36928
1.2012	1.90487	-0.28771	1.36928
1.21121	1.90194	-0.297172	1.36928
1.22122	1.89892	-0.306643	1.36928
1.23123	1.8958	-0.316124	1.36928
1.24124	1.89259	-0.325615	1.36928
1.25125	1.88929	-0.335116	1.36928
1.26126	1.88588	-0.344628	1.36928
1.27127	1.88239	-0.354151	1.36928
1.28128	1.87879	-0.363684	1.36928
1.29129	1.8751	-0.373229	1.36928
1.3013	1.87132	-0.382784	1.36928
1.31131	1.86744	-0.392352	1.36928
1.32132	1.86347	-0.40193	1.36928
1.33133	1.85939	-0.41152	1.36928
1.34134	1.85523	-0.421122	1.36928
1.35135	1.85096	-0.430736	1.36928
1.36136	1.8466	-0.440362	1.36928
1.37137	1.84215	-0.449999	1.36928
1.38138	1.83759	-0.459649	1.36928
1.39139	1.83295	-0.469311	1.36928
1.4014	1.8282	-0.478985	1.36928
1.41141	1.82336	-0.488672	1.36928
1.42142	1.81842	-0.49837	1.36928
1.43143	1.81338	-0.508081	1.36928
1.44144	1.80824	-0.517804	1.36928
1.45145	1.80301	-0.527539	1.36928
1.46146	1.79768	-0.537287	1.36928
1.47147	1.79226	-0.547046	1.36928
1.48148	1.78673	-0.556818	1.36928
1.49149	1.78111	-0.566601	1.36928
1.5015	1.77539	-0.576397	1.36928
1.51151	1.76957	-0.586204	1.36928
1.52152	1.76365	-0.596022	1.36928
1.53153	1.75764	-0.605852	1.36928
1.54154	1.75152	-0.615694	1.36928
1.55155	1.74531	-0.625546	1.36928
1.56156	1.739	-0.63541	1.36928
1.57157	1.73259	-0.645284	1.36928
1.58158	1.72608	-0.655168	1.36928
1.59159	1.71947	-0.665063	1.36928
1.6016	1.71277	-0.674967	1.36928
1.61161	1.70596	-0.684881	1.36928
1.62162	1.69905	-0.694805	1.36928
1.63163	1.69205	-0.704737	1.36928
1.64164	1.68495	-0.714677	1.36928
1.65165	1.67774	-0.724626	1.36928
1.66166	1.67044	-0.734583	1.36928
1.67167	1.66304	-0.744547	1.36928
1.68168	1.65553	-0.754518	1.36928
1.69169	1.64793	-0.764495	1.36928
1.7017	1.64023	-0.774478	1.36928
1.71171	1.63242	-0.784467	1.36928
1.72172	1.62452	-0.79446	1.36928
1.73173	1.61652	-0.804457	1.36928
1.74174	1.60842	-0.814459	1.36928
1.75175	1.60021	-0.824463	1.36928
1.76176	1.59191	-0.83447	1.36928
1.77177	1.58351	-0.844478	1.36928
1.78178	1.575	-0.854488	1.36928
1.79179	1.5664	-0.864498	1.36928
1.8018	1.5577	-0.874508	1.36928
1.81181	1.54889	-0.884516	1.36928
1.82182	1.53999	-0.894523	1.36928
1.83183	1.53099	-0.904526	1.36928
1.84184	1.52188	-0.914526	1.36928
1.85185	1.51268	-0.924522	1.36928
1.86186	1.50337	-0.934512	1.36928
1.87187	1.49397	-0.944496	1.36928
1.88188	1.48446	-0.954473	1.36928
1.89189	1.47486	-0.964441	1.36928
1.9019	1.46515	-0.974401	1.36928
1.91191	1.45535	-0.984349	1.36928
1.92192	1.44545	-0.994287	1.36928
1.93193	1.43545	-1.00421	1.36928
1.94194	1.42534	-1.01412	1.36928
1.95195	1.41514	-1.02402	1.36928
1.96196	1.40484	-1.0339	1.36928
1.97197	1.39444	-1.04376	1.36928
1.98198	1.38395	-1.05361	1.36928
1.99199	1.37335	-1.06344	1.36928
2.002	1.36266	-1.07324	1.36928
2.01201	1.35186	-1.08302	1.36928
2.02202	1.34098	-1.09278	1.36928
2.03203	1.32999	-1.10252	1.36928
2.04204	1.3189	-1.11222	1.36928
2.05205	1.30772	-1.1219	1.36928
2.06206	1.29644	-1.13156	1.36928
2.07207	1.28507	-1.14118	1.36928
2.08208	1.2736	-1.15076	1.36928
2.09209	1.26203	-1.16032	1.36928
2.1021	1.25037	-1.16984	1.36928
2.11211	1.23861	-1.17932	1.36928
2.12212	1.22676	-1.18876	1.36928
2.13213	1.21481	-1.19816	1.36928
2.14214	1.20277	-1.20752	1.36928
2.15215	1.19064	-1.21684	1.36928
2.16216	1.17841	-1.22612	1.36928
2.17217	1.16609	-1.23534	1.36928
2.18218	1.15368	-1.24452	1.36928
2.19219	1.14117	-1.25364	1.36928
2.2022	1.12858	-1.26272	1.36928
2.21221	1.11589	-1.27174	1.36928
2.22222	1.10312	-1.2807	1.36928
2.23223	1.09025	-1.28961	1.36928
2.24224	1.0773	-1.29845	1.36928
2.25225	1.06426	-1.30724	1.36928
2.26226	1.05113	-1.31596	1.36928
2.27227	1.03791	-1.32461	1.36928
2.28228	1.02461	-1.3332	1.36928
2.29229	1.01122	-1.34172	1.36928
2.3023	0.997751	-1.35017	1.36928
2.31231	0.984194	-1.35854	1.36928
2.32232	0.970554	-1.36684	1.36928
2.33233	0.95683	-1.37506	1.36928
2.34234	0.943025	-1.3832	1.36928
2.35235	0.929139	-1.39126	1.36928
2.36236	0.915172	-1.39924	1.36928
2.37237	0.901126	-1.40713	1.36928
2.38238	0.887002	-1.41494	1.36928
2.39239	0.872799	-1.42265	1.36928
2.4024	0.85852	-1.43027	1.36928
2.41241	0.844166	-1.4378	1.36928
2.42242	0.829736	-1.44524	1.36928
2.43243	0.815232	-1.45257	1.36928
2.44244	0.800656	-1.45981	1.36928
2.45245	0.786007	-1.46694	1.36928
2.46246	0.771288	-1.47397	1.36928
2.47247	0.756499	-1.4809	1.36928
2.48248	0.741641	-1.48771	1.36928
2.49249	0.726715	-1.49442	1.36928
2.5025	0.711723	-1.50101	1.36928
2.51251	0.696665	-1.50749	1.36928
2.52252	0.681543	-1.51386	1.36928
2.53253	0.666358	-1.52011	1.36928
2.54254	0.651111	-1.52623	1.36928
2.55255	0.635803	-1.53224	1.36928
2.56256	0.620436	-1.53812	1.36928
2.57257	0.60501	-1.54388	1.36928
2.58258	0.589528	-1.54951	1.36928
2.59259	0.57399	-1.55501	1.36928
2.6026	0.558397	-1.56038	1.36928
2.61261	0.542751	-1.56561	1.36928
2.62262	0.527054	-1.57072	1.36928
2.63263	0.511306	-1.57568	1.36928
2.64264	0.495509	-1.58051	1.36928
2.65265	0.479664	-1.5852	1.36928
2.66266	0.463774	-1.58975	1.36928
2.67267	0.447838	-1.59416	1.36928
2.68268	0.431859	-1.59842	1.36928
2.69269	0.415838	-1.60254	1.36928
2.7027	0.399777	-1.60651	1.36928
2.71271	0.383676	-1.61033	1.36928
2.72272	0.367539	-1.614	1.36928
2.73273	0.351365	-1.61752	1.36928
2.74274	0.335156	-1.62089	1.36928
2.75275	0.318915	-1.62411	1.36928
2.76276	0.302642	-1.62717	1.36928
2.77277	0.286339	-1.63007	1.36928
2.78278	0.270009	-1.63282	1.36928
2.79279	0.253651	-1.63541	1.36928
2.8028	0.237268	-1.63784	1.36928
2.81281	0.220862	-1.64012	1.36928
2.82282	0.204433	-1.64223	1.36928
2.83283	0.187985	-1.64418	1.36928
2.84284	0.171517	-1.64597	1.36928
2.85285	0.155033	-1.6476	1.36928
2.86286	0.138533	-1.64906	1.36928
2.87287	0.122019	-1.65036	1.36928
2.88288	0.105493	-1.6515	1.36928
2.89289	0.0889568	-1.65247	1.36928
2.9029	0.0724114	-1.65328	1.36928
2.91291	0.0558587	-1.65392	1.36928
2.92292	0.0393004	-1.65439	1.36928
2.93293	0.0227382	-1.65471	1.36928
2.94294	0.00617375	-1.65485	1.36928
2.95295	-0.0103913	-1.65483	1.36928
2.96296	-0.0269554	-1.65464	1.36928
2.97297	-0.0435168	-1.65429	1.36928
2.98298	-0.0600738	-1.65377	1.36928
2.99299	-0.0766247	-1.65309	1.36928
3.003	-0.0931681	-1.65224	1.36928
3.01301	-0.109702	-1.65123	1.36928
3.02302	-0.126225	-1.65005	1.36928
3.03303	-0.142735	-1.6487	1.36928
3.04304	-0.159232	-1.6472	1.36928
3.05305	-0.175712	-1.64553	1.36928
3.06306	-0.192175	-1.6437	1.36928
3.07307	-0.208618	-1.64171	1.36928
3.08308	-0.225041	-1.63955	1.36928
3.09309	-0.241442	-1.63724	1.36928
3.1031	-0.257818	-1.63477	1.36928
3.11311	-0.274169	-1.63214	1.36928
3.12312	-0.290493	-1.62935	1.36928
3.13313	-0.306788	-1.6264	1.36928
3.14314	-0.323053	-1.6233	1.36928
3.15315	-0.339286	-1.62005	1.36928
3.16316	-0.355486	-1.61664	1.36928
3.17317	-0.371651	-1.61308	1.36928
3.18318	-0.387779	-1.60937	1.36928
3.19319	-0.40387	-1.60551	1.36928
3.2032	-0.419921	-1.6015	1.36928
3.21321	-0.435932	-1.59735	1.36928
3.22322	-0.4519	-1.59305	1.36928
3.23323	-0.467824	-1.58861	1.36928
3.24324	-0.483703	-1.58402	1.36928
3.25325	-0.499536	-1.5793	1.36928
3.26326	-0.51532	-1.57443	1.36928
3.27327	-0.531055	-1.56943	1.36928
3.28328	-0.54674	-1.56429	1.36928
3.29329	-0.562372	-1.55902	1.36928
3.3033	-0.577951	-1.55362	1.36928
3.31331	-0.593475	-1.54809	1.36928
3.32332	-0.608943	-1.54242	1.36928
3.33333	-0.624354	-1.53664	1.36928
3.34334	-0.639706	-1.53072	1.36928
3.35335	-0.654999	-1.52468	1.36928
3.36336	-0.67023	-1.51853	1.36928
3.37337	-0.685399	-1.51225	1.36928
3.38338	-0.700505	-1.50586	1.36928
3.39339	-0.715546	-1.49935	1.36928
3.4034	-0.730522	-1.49272	1.36928
3.41341	-0.74543	-1.48599	1.36928
3.42342	-0.760271	-1.47914	1.36928
3.43343	-0.775042	-1.47219	1.36928
3.44344	-0.789744	-1.46514	1.36928
3.45345	-0.804374	-1.45798	1.36928
3.46346	-0.818932	-1.45071	1.36928
3.47347	-0.833417	-1.44335	1.36928
3.48348	-0.847828	-1.43589	1.36928
3.49349	-0.862163	-1.42834	1.36928
3.5035	-0.876423	-1.4207	1.36928
3.51351	-0.890605	-1.41296	1.36928
3.52352	-0.90471	-1.40513	1.36928
3.53353	-0.918736	-1.39722	1.36928
3.54354	-0.932682	-1.38922	1.36928
3.55355	-0.946548	-1.38114	1.36928
3.56356	-0.960332	-1.37298	1.36928
3.57357	-0.974034	-1.36473	1.36928
3.58358	-0.987654	-1.35642	1.36928
3.59359	-1.00119	-1.34802	1.36928
3.6036	-1.01464	-1.33956	1.36928
3.61361	-1.02801	-1.33102	1.36928
3.62362	-1.04129	-1.32242	1.36928
3.63363	-1.05448	-1.31374	1.36928
3.64364	-1.06759	-1.30501	1.36928
3.65365	-1.08061	-1.29621	1.36928
3.66366	-1.09354	-1.28734	1.36928
3.67367	-1.10638	-1.27842	1.36928
3.68368	-1.11913	-1.26945	1.36928
3.69369	-1.13179	-1.26041	1.36928
3.7037	-1.14437	-1.25132	1.36928
3.71371	-1.15685	-1.24219	1.36928
3.72372	-1.16923	-1.233	1.36928
3.73373	-1.18153	-1.22376	1.36928
3.74374	-1.19373	-1.21447	1.36928
3.75375	-1.20584	-1.20515	1.36928
3.76376	-1.21786	-1.19577	1.36928
3.77377	-1.22978	-1.18636	1.36928
3.78378	-1.24161	-1.17691	1.36928
3.79379	-1.25334	-1.16742	1.36928
3.8038	-1.26498	-1.15789	1.36928
3.81381	-1.27653	-1.14832	1.36928
3.82382	-1.28797	-1.13873	1.36928
3.83383	-1.29932	-1.1291	1.36928
3.84384	-1.31058	-1.11944	1.36928
3.85385	-1.32173	-1.10976	1.36928
3.86386	-1.33279	-1.10004	1.36928
3.87387	-1.34376	-1.0903	1.36928
3.88388	-1.35462	-1.08053	1.36928
3.89389	-1.36539	-1.07075	1.36928
3.9039	-1.37606	-1.06094	1.36928
3.91391	-1.38663	-1.05111	1.36928
3.92392	-1.3971	-1.04126	1.36928
3.93393	-1.40748	-1.03139	1.36928
3.94394	-1.41775	-1.0215	1.36928
3.95395	-1.42793	-1.0116	1.36928
3.96396	-1.438	-1.00169	1.36928
3.97397	-1.44798	-0.991758	1.36928
3.98398	-1.45786	-0.981817	1.36928
3.99399	-1.46764	-0.971866	1.36928
4.004	-1.47731	-0.961904	1.36928
4.01401	-1.48689	-0.951934	1.36928
4.02402	-1.49637	-0.941955	1.36928
4.03403	-1.50575	-0.931969	1.36928
4.04404	-1.51503	-0.921978	1.36928
4.05405	-1.52421	-0.911981	1.36928
4.06406	-1.53329	-0.90198	1.36928
4.07407	-1.54227	-0.891975	1.36928
4.08408	-1.55114	-0.881968	1.36928
4.09409	-1.55992	-0.871959	1.36928
4.1041	-1.5686	-0.861949	1.36928
4.11411	-1.57718	-0.851939	1.36928
4.12412	-1.58566	-0.84193	1.36928
4.13413	-1.59403	-0.831922	1.36928
4.14414	-1.60231	-0.821916	1.36928
4.15415	-1.61049	-0.811912	1.36928
4.16416	-1.61857	-0.801912	1.36928
4.17417	-1.62654	-0.791915	1.36928
4.18418	-1.63442	-0.781923	1.36928
4.19419	-1.6422	-0.771936	1.36928
4.2042	-1.64988	-0.761954	1.36928
4.21421	-1.65745	-0.751978	1.36928
4.22422	-1.66493	-0.742009	1.36928
4.23423	-1.67231	-0.732047	1.36928
4.24424	-1.67959	-0.722092	1.36928
4.25425	-1.68676	-0.712146	1.36928
4.26426	-1.69384	-0.702207	1.36928
4.27427	-1.70082	-0.692277	1.36928
4.28428	-1.7077	-0.682356	1.36928
4.29429	-1.71448	-0.672445	1.36928
4.3043	-1.72116	-0.662543	1.36928
4.31431	-1.72775	-0.652651	1.36928
4.32432	-1.73423	-0.642769	1.36928
4.33433	-1.74062	-0.632897	1.36928
4.34434	-1.7469	-0.623037	1.36928
4.35435	-1.75309	-0.613187	1.36928
4.36436	-1.75918	-0.603348	1.36928
4.37437	-1.76517	-0.593521	1.36928
4.38438	-1.77106	-0.583706	1.36928
4.39439	-1.77685	-0.573901	1.36928
4.4044	-1.78255	-0.564109	1.36928
4.41441	-1.78815	-0.554329	1.36928
4.42442	-1.79365	-0.54456	1.36928
4.43443	-1.79905	-0.534804	1.36928
4.44444	-1.80435	-0.525059	1.36928
4.45445	-1.80956	-0.515327	1.36928
4.46446	-1.81467	-0.505607	1.36928
4.47447	-1.81968	-0.4959	1.36928
4.48448	-1.8246	-0.486204	1.36928
4.49449	-1.82942	-0.476521	1.36928
4.5045	-1.83414	-0.46685	1.36928
4.51451	-1.83876	-0.457191	1.36928
4.52452	-1.84329	-0.447544	1.36928
4.53453	-1.84772	-0.43791	1.36928
4.54454	-1.85206	-0.428287	1.36928
4.55455	-1.8563	-0.418676	1.36928
4.56456	-1.86044	-0.409077	1.36928
4.57457	-1.86449	-0.39949	1.36928
4.58458	-1.86844	-0.389915	1.36928
4.59459	-1.87229	-0.38035	1.36928
4.6046	-1.87605	-0.370798	1.36928
4.61461	-1.87972	-0.361256	1.36928
4.62462	-1.88329	-0.351725	1.36928
4.63463	-1.88676	-0.342205	1.36928
4.64464	-1.89014	-0.332696	1.36928
4.65465	-1.89342	-0.323197	1.36928
4.66466	-1.89661	-0.313709	1.36928
4.67467	-1.8997	-0.304231	1.36928
4.68468	-1.9027	-0.294762	1.36928
4.69469	-1.9056	-0.285303	1.36928
4.7047	-1.90841	-0.275853	1.36928
4.71471	-1.91112	-0.266413	1.36928
4.72472	-1.91374	-0.256982	1.36928
4.73473	-1.91627	-0.247559	1.36928
4.74474	-1.9187	-0.238144	1.36928
4.75475	-1.92104	-0.228738	1.36928
4.76476	-1.92328	-0.21934	1.36928
4.77477	-1.92543	-0.209949	1.36928
4.78478	-1.92748	-0.200565	1.36928
4.79479	-1.92944	-0.191189	1.36928
4.8048	-1.93131	-0.181819	1.36928
4.81481	-1.93308	-0.172456	1.36928
4.82482	-1.93476	-0.163098	1.36928
4.83483	-1.93635	-0.153747	1.36928
4.84484	-1.93784	-0.144401	1.36928
4.85485	-1.93924	-0.13506	1.36928
4.86486	-1.94054	-0.125724	1.36928
4.87487	-1.94176	-0.116393	1.36928
4.88488	-1.94287	-0.107066	1.36928
4.89489	-1.9439	-0.0977429	1.36928
4.9049	-1.94483	-0.0884233	1.36928
4.91491	-1.94567	-0.079107	1.36928
4.92492	-1.94641	-0.0697935	1.36928
4.93493	-1.94707	-0.0604826	1.36928
4.94494	-1.94763	-0.0511739	1.36928
4.95495	-1.94809	-0.0418672	1.36928
4.96496	-1.94846	-0.0325619	1.36928
4.97497	-1.94874	-0.0232579	1.36928
4.98498	-1.94893	-0.0139547	1.36928
4.99499	-1.94902	-0.00465206	1.36928
5.00501	-1.94902	0.00465043	1.36928
5.01502	-1.94893	0.0139531	1.36928
5.02503	-1.94874	0.0232563	1.36928
5.03504	-1.94846	0.0325603	1.36928
5.04505	-1.94809	0.0418655	1.36928
5.05506	-1.94763	0.0511723	1.36928
5.06507	-1.94707	0.060481	1.36928
5.07508	-1.94641	0.0697919	1.36928
5.08509	-1.94567	0.0791053	1.36928
5.0951	-1.94483	0.0884217	1.36928
5.10511	-1.9439	0.0977413	1.36928
5.11512	-1.94287	0.107064	1.36928
5.12513	-1.94176	0.116392	1.36928
5.13514	-1.94054	0.125723	1.36928
5.14515	-1.93924	0.135059	1.36928
5.15516	-1.93784	0.144399	1.36928
5.16517	-1.93635	0.153745	1.36928
5.17518	-1.93476	0.163097	1.36928
5.18519	-1.93308	0.172454	1.36928
5.1952	-1.93131	0.181817	1.36928
5.20521	-1.92944	0.191187	1.36928
5.21522	-1.92748	0.200564	1.36928
5.22523	-1.92543	0.209947	1.36928
5.23524	-1.92328	0.219338	1.36928
5.24525	-1.92104	0.228736	1.36928
5.25526	-1.9187	0.238143	1.36928
5.26527	-1.91627	0.247557	1.36928
5.27528	-1.91374	0.25698	1.36928
5.28529	-1.91112	0.266411	1.36928
5.2953	-1.90841	0.275852	1.36928
5.30531	-1.9056	0.285301	1.36928
5.31532	-1.9027	0.29476	1.36928
5.32533	-1.8997	0.304229	1.36928
5.33534	-1.89661	0.313707	1.36928
5.34535	-1.89342	0.323196	1.36928
5.35536	-1.89014	0.332694	1.36928
5.36537	-1.88676	0.342204	1.36928
5.37538	-1.88329	0.351723	1.36928
5.38539	-1.87972	0.361254	1.36928
5.3954	-1.87605	0.370796	1.36928
5.40541	-1.87229	0.380349	1.36928
5.41542	-1.86844	0.389913	1.36928
5.42543	-1.86449	0.399488	1.36928
5.43544	-1.86044	0.409076	1.36928
5.44545	-1.8563	0.418675	1.36928
5.45546	-1.85206	0.428285	1.36928
5.46547	-1.84772	0.437908	1.36928
5.47548	-1.84329	0.447543	1.36928
5.48549	-1.83876	0.457189	1.36928
5.4955	-1.83414	0.466848	1.36928
5.50551	-1.82942	0.476519	1.36928
5.51552	-1.8246	0.486202	1.36928
5.52553	-1.81968	0.495898	1.36928
5.53554	-1.81467	0.505606	1.36928
5.54555	-1.80956	0.515325	1.36928
5.55556	-1.80435	0.525058	1.36928
5.56557	-1.79905	0.534802	1.36928
5.57558	-1.79365	0.544558	1.36928
5.58559	-1.78815	0.554327	1.36928
5.5956	-1.78255	0.564107	1.36928
5.60561	-1.77685	0.5739	1.36928
5.61562	-1.77106	0.583704	1.36928
5.62563	-1.76517	0.59352	1.36928
5.63564	-1.75918	0.603347	1.36928
5.64565	-1.75309	0.613185	1.36928
5.65566	-1.7469	0.623035	1.36928
5.66567	-1.74062	0.632896	1.36928
5.67568	-1.73423	0.642767	1.36928
5.68569	-1.72775	0.652649	1.36928
5.6957	-1.72117	0.662541	1.36928
5.70571	-1.71448	0.672443	1.36928
5.71572	-1.7077	0.682354	1.36928
5.72573	-1.70082	0.692275	1.36928
5.73574	-1.69384	0.702205	1.36928
5.74575	-1.68676	0.712144	1.36928
5.75576	-1.67959	0.722091	1.36928
5.76577	-1.67231	0.732045	1.36928
5.77578	-1.66493	0.742008	1.36928
5.78579	-1.65745	0.751977	1.36928
5.7958	-1.64988	0.761952	1.36928
5.80581	-1.6422	0.771934	1.36928
5.81582	-1.63442	0.781921	1.36928
5.82583	-1.62655	0.791913	1.36928
5.83584	-1.61857	0.80191	1.36928
5.84585	-1.61049	0.81191	1.36928
5.85586	-1.60231	0.821914	1.36928
5.86587	-1.59404	0.83192	1.36928
5.87588	-1.58566	0.841928	1.36928
5.88589	-1.57718	0.851938	1.36928
5.8959	-1.5686	0.861948	1.36928
5.90591	-1.55992	0.871957	1.36928
5.91592	-1.55115	0.881966	1.36928
5.92593	-1.54227	0.891973	1.36928
5.93594	-1.53329	0.901978	1.36928
5.94595	-1.52421	0.911979	1.36928
5.95596	-1.51503	0.921976	1.36928
5.96597	-1.50575	0.931968	1.36928
5.97598	-1.49637	0.941953	1.36928
5.98599	-1.48689	0.951932	1.36928
5.996	-1.47732	0.961902	1.36928
6.00601	-1.46764	0.971864	1.36928
6.01602	-1.45786	0.981816	1.36928
6.02603	-1.44798	0.991756	1.36928
6.03604	-1.438	1.00168	1.36928
6.04605	-1.42793	1.0116	1.36928
6.05606	-1.41775	1.0215	1.36928
6.06607	-1.40748	1.03139	1.36928
6.07608	-1.3971	1.04125	1.36928
6.08609	-1.38663	1.0511	1.36928
6.0961	-1.37606	1.06093	1.36928
6.10611	-1.36539	1.07074	1.36928
6.11612	-1.35462	1.08053	1.36928
6.12613	-1.34376	1.0903	1.36928
6.13614	-1.3328	1.10004	1.36928
6.14615	-1.32174	1.10975	1.36928
6.15616	-1.31058	1.11944	1.36928
6.16617	-1.29933	1.1291	1.36928
6.17618	-1.28797	1.13873	1.36928
6.18619	-1.27653	1.14832	1.36928
6.1962	-1.26499	1.15789	1.36928
6.20621	-1.25335	1.16741	1.36928
6.21622	-1.24161	1.17691	1.36928
6.22623	-1.22979	1.18636	1.36928
6.23624	-1.21786	1.19577	1.36928
6.24625	-1.20585	1.20514	1.36928
6.25626	-1.19374	1.21447	1.36928
6.26627	-1.18153	1.22376	1.36928
6.27628	-1.16924	1.23299	1.36928
6.28629	-1.15685	1.24218	1.36928
6.2963	-1.14437	1.25132	1.36928
6.30631	-1.1318	1.26041	1.36928
6.31632	-1.11913	1.26944	1.36928
6.32633	-1.10638	1.27842	1.36928
6.33634	-1.09354	1.28734	1.36928
6.34635	-1.08061	1.2962	1.36928
6.35636	-1.06759	1.30501	1.36928
6.36637	-1.05448	1.31374	1.36928
6.37638	-1.04129	1.32241	1.36928
6.38639	-1.02801	1.33102	1.36928
6.3964	-1.01464	1.33956	1.36928
6.40641	-1.00119	1.34802	1.36928
6.41642	-0.987656	1.35642	1.36928
6.42643	-0.974037	1.36473	1.36928
6.43644	-0.960335	1.37297	1.36928
6.44645	-0.94655	1.38114	1.36928
6.45646	-0.932684	1.38922	1.36928
6.46647	-0.918738	1.39722	1.36928
6.47648	-0.904712	1.40513	1.36928
6.48649	-0.890608	1.41296	1.36928
6.4965	-0.876425	1.42069	1.36928
6.50651	-0.862166	1.42834	1.36928
6.51652	-0.84783	1.43589	1.36928
6.52653	-0.833419	1.44335	1.36928
6.53654	-0.818935	1.45071	1.36928
6.54655	-0.804377	1.45797	1.36928
6.55656	-0.789746	1.46513	1.36928
6.56657	-0.775045	1.47219	1.36928
6.57658	-0.760273	1.47914	1.36928
6.58659	-0.745433	1.48599	1.36928
6.5966	-0.730524	1.49272	1.36928
6.60661	-0.715549	1.49934	1.36928
6.61662	-0.700508	1.50585	1.36928
6.62663	-0.685402	1.51225	1.36928
6.63664	-0.670233	1.51853	1.36928
6.64665	-0.655001	1.52468	1.36928
6.65666	-0.639709	1.53072	1.36928
6.66667	-0.624357	1.53663	1.36928
6.67668	-0.608946	1.54242	1.36928
6.68669	-0.593478	1.54809	1.36928
6.6967	-0.577954	1.55362	1.36928
6.70671	-0.562375	1.55902	1.36928
6.71672	-0.546743	1.56429	1.36928
6.72673	-0.531058	1.56943	1.36928
6.73674	-0.515323	1.57443	1.36928
6.74675	-0.499538	1.5793	1.36928
6.75676	-0.483706	1.58402	1.36928
6.76677	-0.467827	1.58861	1.36928
6.77678	-0.451902	1.59305	1.36928
6.78679	-0.435934	1.59735	1.36928
6.7968	-0.419924	1.6015	1.36928
6.80681	-0.403873	1.60551	1.36928
6.81682	-0.387782	1.60937	1.36928
6.82683	-0.371654	1.61308	1.36928
6.83684	-0.355489	1.61664	1.36928
6.84685	-0.339289	1.62005	1.36928
6.85686	-0.323056	1.6233	1.36928
6.86687	-0.306791	1.6264	1.36928
6.87688	-0.290496	1.62935	1.36928
6.88689	-0.274172	1.63214	1.36928
6.8969	-0.257821	1.63477	1.36928
6.90691	-0.241444	1.63724	1.36928
6.91692	-0.225044	1.63955	1.36928
6.92693	-0.208621	1.64171	1.36928
6.93694	-0.192178	1.6437	1.36928
6.94695	-0.175715	1.64553	1.36928
6.95696	-0.159235	1.6472	1.36928
6.96697	-0.142738	1.6487	1.36928
6.97698	-0.126228	1.65005	1.36928
6.98699	-0.109705	1.65122	1.36928
6.997	-0.093171	1.65224	1.36928
7.00701	-0.0766276	1.65309	1.36928
7.01702	-0.0600767	1.65377	1.36928
7.02703	-0.0435197	1.65429	1.36928
7.03704	-0.0269583	1.65464	1.36928
7.04705	-0.0103943	1.65483	1.36928
7.05706	0.00617084	1.65485	1.36928
7.06707	0.0227353	1.65471	1.36928
7.07708	0.0392975	1.65439	1.36928
7.08709	0.0558558	1.65392	1.36928
7.0971	0.0724085	1.65328	1.36928
7.10711	0.0889539	1.65247	1.36928
7.11712	0.10549	1.6515	1.36928
7.12713	0.122016	1.65036	1.36928
7.13714	0.13853	1.64906	1.36928
7.14715	0.15503	1.6476	1.36928
7.15716	0.171515	1.64597	1.36928
7.16717	0.187982	1.64418	1.36928
7.17718	0.204431	1.64223	1.36928
7.18719	0.220859	1.64012	1.36928
7.1972	0.237265	1.63784	1.36928
7.20721	0.253648	1.63541	1.36928
7.21722	0.270006	1.63282	1.36928
7.22723	0.286337	1.63007	1.36928
7.23724	0.302639	1.62717	1.36928
7.24725	0.318912	1.62411	1.36928
7.25726	0.335153	1.62089	1.36928
7.26727	0.351362	1.61752	1.36928
7.27728	0.367536	1.614	1.36928
7.28729	0.383674	1.61033	1.36928
7.2973	0.399774	1.60651	1.36928
7.30731	0.415835	1.60254	1.36928
7.31732	0.431856	1.59842	1.36928
7.32733	0.447835	1.59416	1.36928
7.33734	0.463771	1.58975	1.36928
7.34735	0.479662	1.5852	1.36928
7.35736	0.495506	1.58051	1.36928
7.36737	0.511303	1.57568	1.36928
7.37738	0.527051	1.57072	1.36928
7.38739	0.542748	1.56562	1.36928
7.3974	0.558394	1.56038	1.36928
7.40741	0.573987	1.55501	1.36928
7.41742	0.589525	1.54951	1.36928
7.42743	0.605008	1.54388	1.36928
7.43744	0.620433	1.53812	1.36928
7.44745	0.6358	1.53224	1.36928
7.45746	0.651108	1.52623	1.36928
7.46747	0.666355	1.52011	1.36928
7.47748	0.68154	1.51386	1.36928
7.48749	0.696662	1.5075	1.36928
7.4975	0.71172	1.50101	1.36928
7.50751	0.726712	1.49442	1.36928
7.51752	0.741638	1.48771	1.36928
7.52753	0.756496	1.4809	1.36928
7.53754	0.771285	1.47397	1.36928
7.54755	0.786005	1.46694	1.36928
7.55756	0.800653	1.45981	1.36928
7.56757	0.81523	1.45257	1.36928
7.57758	0.829733	1.44524	1.36928
7.58759	0.844163	1.4378	1.36928
7.5976	0.858518	1.43027	1.36928
7.60761	0.872797	1.42265	1.36928
7.61762	0.886999	1.41494	1.36928
7.62763	0.901124	1.40713	1.36928
7.63764	0.91517	1.39924	1.36928
7.64765	0.929136	1.39127	1.36928
7.65766	0.943023	1.3832	1.36928
7.66767	0.956828	1.37506	1.36928
7.67768	0.970551	1.36684	1.36928
7.68769	0.984192	1.35854	1.36928
7.6977	0.997749	1.35017	1.36928
7.70771	1.01122	1.34172	1.36928
7.71772	1.02461	1.3332	1.36928
7.72773	1.03791	1.32462	1.36928
7.73774	1.05113	1.31596	1.36928
7.74775	1.06426	1.30724	1.36928
7.75776	1.0773	1.29845	1.36928
7.76777	1.09025	1.28961	1.36928
7.77778	1.10312	1.2807	1.36928
7.78779	1.11589	1.27174	1.36928
7.7978	1.12858	1.26272	1.36928
7.80781	1.14117	1.25365	1.36928
7.81782	1.15367	1.24452	1.36928
7.82783	1.16609	1.23534	1.36928
7.83784	1.17841	1.22612	1.36928
7.84785	1.19063	1.21684	1.36928
7.85786	1.20277	1.20753	1.36928
7.86787	1.21481	1.19817	1.36928
7.87788	1.22675	1.18876	1.36928
7.88789	1.23861	1.17932	1.36928
7.8979	1.25036	1.16984	1.36928
7.90791	1.26203	1.16032	1.36928
7.91792	1.27359	1.15076	1.36928
7.92793	1.28507	1.14118	1.36928
7.93794	1.29644	1.13156	1.36928
7.94795	1.30772	1.12191	1.36928
7.95796	1.3189	1.11223	1.36928
7.96797	1.32999	1.10252	1.36928
7.97798	1.34097	1.09278	1.36928
7.98799	1.35186	1.08303	1.36928
7.998	1.36266	1.07324	1.36928
8.00801	1.37335	1.06344	1.36928
8.01802	1.38395	1.05361	1.36928
8.02803	1.39444	1.04377	1.36928
8.03804	1.40484	1.0339	1.36928
8.04805	1.41514	1.02402	1.36928
8.05806	1.42534	1.01413	1.36928
8.06807	1.43544	1.00421	1.36928
8.07808	1.44545	0.994289	1.36928
8.08809	1.45535	0.984351	1.36928
8.0981	1.46515	0.974402	1.36928
8.10811	1.47486	0.964443	1.36928
8.11812	1.48446	0.954475	1.36928
8.12813	1.49397	0.944498	1.36928
8.13814	1.50337	0.934514	1.36928
8.14815	1.51267	0.924524	1.36928
8.15816	1.52188	0.914528	1.36928
8.16817	1.53098	0.904528	1.36928
8.17818	1.53999	0.894524	1.36928
8.18819	1.54889	0.884518	1.36928
8.1982	1.5577	0.874509	1.36928
8.20821	1.5664	0.8645	1.36928
8.21822	1.575	0.85449	1.36928
8.22823	1.58351	0.84448	1.36928
8.23824	1.59191	0.834472	1.36928
8.24825	1.60021	0.824465	1.36928
8.25826	1.60842	0.81446	1.36928
8.26827	1.61652	0.804459	1.36928
8.27828	1.62452	0.794462	1.36928
8.28829	1.63242	0.784468	1.36928
8.2983	1.64023	0.77448	1.36928
8.30831	1.64793	0.764497	1.36928
8.31832	1.65553	0.754519	1.36928
8.32833	1.66303	0.744549	1.36928
8.33834	1.67044	0.734585	1.36928
8.34835	1.67774	0.724628	1.36928
8.35836	1.68494	0.714679	1.36928
8.36837	1.69205	0.704738	1.36928
8.37838	1.69905	0.694806	1.36928
8.38839	1.70596	0.684883	1.36928
8.3984	1.71276	0.674969	1.36928
8.40841	1.71947	0.665064	1.36928
8.41842	1.72608	0.65517	1.36928
8.42843	1.73259	0.645285	1.36928
8.43844	1.739	0.635411	1.36928
8.44845	1.74531	0.625548	1.36928
8.45846	1.75152	0.615696	1.36928
8.46847	1.75764	0.605854	1.36928
8.47848	1.76365	0.596024	1.36928
8.48849	1.76957	0.586205	1.36928
8.4985	1.77539	0.576398	1.36928
8.50851	1.78111	0.566603	1.36928
8.51852	1.78673	0.556819	1.36928
8.52853	1.79225	0.547048	1.36928
8.53854	1.79768	0.537288	1.36928
8.54855	1.80301	0.527541	1.36928
8.55856	1.80824	0.517806	1.36928
8.56857	1.81338	0.508083	1.36928
8.57858	1.81842	0.498372	1.36928
8.58859	1.82336	0.488673	1.36928
8.5986	1.8282	0.478987	1.36928
8.60861	1.83294	0.469313	1.36928
8.61862	1.83759	0.459651	1.36928
8.62863	1.84215	0.450001	1.36928
8.63864	1.8466	0.440363	1.36928
8.64865	1.85096	0.430738	1.36928
8.65866	1.85523	0.421124	1.36928
8.66867	1.85939	0.411522	1.36928
8.67868	1.86347	0.401932	1.36928
8.68869	1.86744	0.392353	1.36928
8.6987	1.87132	0.382786	1.36928
8.70871	1.8751	0.37323	1.36928
8.71872	1.87879	0.363686	1.36928
8.72873	1.88239	0.354152	1.36928
8.73874	1.88588	0.34463	1.36928
8.74875	1.88928	0.335118	1.36928
8.75876	1.89259	0.325617	1.36928
8.76877	1.8958	0.316125	1.36928
8.77878	1.89892	0.306645	1.36928
8.78879	1.90194	0.297173	1.36928
8.7988	1.90487	0.287712	1.36928
8.80881	1.9077	0.27826	1.36928
8.81882	1.91044	0.268817	1.36928
8.82883	1.91308	0.259384	1.36928
8.83884	1.91563	0.249959	1.36928
8.84885	1.91809	0.240542	1.36928
8.85886	1.92045	0.231134	1.36928
8.86887	1.92272	0.221733	1.36928
8.87888	1.92489	0.212341	1.36928
8.88889	1.92697	0.202955	1.36928
8.8989	1.92895	0.193577	1.36928
8.90891	1.93084	0.184206	1.36928
8.91892	1.93264	0.174841	1.36928
8.92893	1.93434	0.165482	1.36928
8.93894	1.93595	0.156129	1.36928
8.94895	1.93747	0.146782	1.36928
8.95896	1.93889	0.13744	1.36928
8.96897	1.94022	0.128103	1.36928
8.97898	1.94146	0.11877	1.36928
8.98899	1.9426	0.109442	1.36928
8.999	1.94365	0.100118	1.36928
9.00901	1.9446	0.0907975	1.36928
9.01902	1.94546	0.0814804	1.36928
9.02903	1.94623	0.0721662	1.36928
9.03904	1.94691	0.0628547	1.36928
9.04905	1.94749	0.0535455	1.36928
9.05906	1.94798	0.0442382	1.36928
9.06907	1.94838	0.0349326	1.36928
9.07908	1.94868	0.0256283	1.36928
9.08909	1.94889	0.016325	1.36928
9.0991	1.94901	0.00702221	1.36928
9.10911	1.94903	-0.00228029	1.36928
9.11912	1.94896	-0.0115829	1.36928
9.12913	1.9488	-0.0208859	1.36928
9.13914	1.94854	-0.0301897	1.36928
9.14915	1.94819	-0.0394946	1.36928
9.15916	1.94775	-0.0488009	1.36928
9.16917	1.94722	-0.0581091	1.36928
9.17918	1.94659	-0.0674194	1.36928
9.18919	1.94587	-0.0767321	1.36928
9.1992	1.94505	-0.0860477	1.36928
9.20921	1.94415	-0.0953665	1.36928
9.21922	1.94314	-0.104689	1.36928
9.22923	1.94205	-0.114015	1.36928
9.23924	1.94086	-0.123345	1.36928
9.24925	1.93958	-0.13268	1.36928
9.25926	1.93821	-0.142019	1.36928
9.26927	1.93674	-0.151364	1.36928
9.27928	1.93518	-0.160714	1.36928
9.28929	1.93352	-0.170069	1.36928
9.2993	1.93177	-0.179431	1.36928
9.30931	1.92993	-0.188799	1.36928
9.31932	1.92799	-0.198174	1.36928
9.32933	1.92596	-0.207556	1.36928
9.33934	1.92384	-0.216945	1.36928
9.34935	1.92162	-0.226341	1.36928
9.35936	1.9193	-0.235745	1.36928
9.36937	1.9169	-0.245158	1.36928
9.37938	1.9144	-0.254578	1.36928
9.38939	1.9118	-0.264008	1.36928
9.3994	1.90911	-0.273446	1.36928
9.40941	1.90633	-0.282893	1.36928
9.41942	1.90345	-0.292349	1.36928
9.42943	1.90047	-0.301815	1.36928
9.43944	1.8974	-0.311291	1.36928
9.44945	1.89424	-0.320777	1.36928
9.45946	1.89098	-0.330273	1.36928
9.46947	1.88763	-0.33978	1.36928
9.47948	1.88418	-0.349297	1.36928
9.48949	1.88064	-0.358825	1.36928
9.4995	1.877	-0.368364	1.36928
9.50951	1.87326	-0.377914	1.36928
9.51952	1.86943	-0.387475	1.36928
9.52953	1.8655	-0.397048	1.36928
9.53954	1.86148	-0.406632	1.36928
9.54955	1.85736	-0.416228	1.36928
9.55956	1.85315	-0.425836	1.36928
9.56957	1.84884	-0.435455	1.36928
9.57958	1.84443	-0.445087	1.36928
9.58959	1.83993	-0.45473	1.36928
9.5996	1.83533	-0.464386	1.36928
9.60961	1.83063	-0.474054	1.36928
9.61962	1.82584	-0.483734	1.36928
9.62963	1.82095	-0.493426	1.36928
9.63964	1.81596	-0.503131	1.36928
9.64965	1.81087	-0.512848	1.36928
9.65966	1.80569	-0.522577	1.36928
9.66967	1.80041	-0.532318	1.36928
9.67968	1.79503	-0.542071	1.36928
9.68969	1.78956	-0.551837	1.36928
9.6997	1.78399	-0.561614	1.36928
9.70971	1.77831	-0.571404	1.36928
9.71972	1.77255	-0.581205	1.36928
9.72973	1.76668	-0.591018	1.36928
9.73974	1.76071	-0.600842	1.36928
9.74975	1.75465	-0.610678	1.36928
9.75976	1.74849	-0.620524	1.36928
9.76977	1.74223	-0.630382	1.36928
9.77978	1.73587	-0.640251	1.36928
9.78979	1.72941	-0.65013	1.36928
9.7998	1.72285	-0.66002	1.36928
9.80981	1.7162	-0.669919	1.36928
9.81982	1.70944	-0.679828	1.36928
9.82983	1.70259	-0.689747	1.36928
9.83984	1.69563	-0.699674	1.36928
9.84985	1.68858	-0.709611	1.36928
9.85986	1.68142	-0.719556	1.36928
9.86987	1.67417	-0.729508	1.36928
9.87988	1.66682	-0.739469	1.36928
9.88989	1.65937	-0.749436	1.36928
9.8999	1.65182	-0.75941	1.36928
9.90991	1.64416	-0.76939	1.36928
9.91992	1.63641	-0.779376	1.36928
9.92993	1.62856	-0.789367	1.36928
9.93994	1.62061	-0.799362	1.36928
9.94995	1.61256	-0.809362	1.36928
9.95996	1.60441	-0.819365	1.36928
9.96997	1.59615	-0.82937	1.36928
9.97998	1.5878	-0.839378	1.36928
9.98999	1.57935	-0.849387	1.36928
10	1.5708	-0.859397	1.36928
