0.00257173	4.4853	1.50187	1.5008	0.162814
0.00652765	4.44986	1.49001	1.49287	0.162817
0.0375838	4.1812	1.40005	1.4306	0.162906
0.0386896	4.17194	1.39695	1.42838	0.162912
0.0567658	4.02343	1.34722	1.39213	0.163025
0.113065	3.59391	1.2034	1.27924	0.163648
0.129079	3.48034	1.16537	1.24713	0.1639
0.148029	3.35057	1.12192	1.20913	0.164241
0.148532	3.34719	1.12079	1.20812	0.16425
0.154791	3.30545	1.10681	1.19557	0.164373
0.189924	3.08059	1.03152	1.12512	0.165156
0.205353	2.98674	1.00009	1.09418	0.165548
0.207252	2.97539	0.996292	1.09038	0.165599
0.211216	2.95183	0.988404	1.08243	0.165705
0.217716	2.91361	0.975604	1.06939	0.165884
0.240111	2.78566	0.932763	1.02449	0.166541
0.24443	2.76164	0.924719	1.01583	0.166675
0.260872	2.67207	0.894728	0.982855	0.167205
0.265946	2.64503	0.885671	0.972682	0.167375
0.272374	2.61115	0.874328	0.959791	0.167595
0.278661	2.57844	0.863374	0.947184	0.167815
0.284335	2.54927	0.853607	0.935806	0.168017
0.305185	2.44488	0.818654	0.893997	0.168794
0.309057	2.42597	0.812323	0.886233	0.168944
0.318953	2.37831	0.796363	0.866391	0.169335
0.332314	2.31544	0.77531	0.839599	0.169881
0.383063	2.0914	0.700294	0.737835	0.172141
0.418826	1.94667	0.651832	0.666122	0.173906
0.429189	1.90664	0.638427	0.645344	0.174443
0.433836	1.88896	0.632505	0.636024	0.174688
0.436642	1.87836	0.628956	0.630397	0.174836
0.444686	1.8483	0.618892	0.614267	0.175268
0.44822	1.83525	0.614523	0.607182	0.175459
0.449845	1.82928	0.612523	0.603922	0.175548
0.452554	1.81937	0.609205	0.59849	0.175696
0.461615	1.78661	0.598236	0.580321	0.176197
0.474324	1.74166	0.583183	0.554837	0.176914
0.482507	1.71331	0.573692	0.538428	0.177385
0.483729	1.70912	0.572288	0.535978	0.177456
0.500569	1.65237	0.553285	0.502209	0.178447
0.501095	1.65063	0.552702	0.501155	0.178479
0.503114	1.64396	0.55047	0.497107	0.1786
0.511796	1.61558	0.540969	0.479697	0.179124
0.521928	1.58309	0.530089	0.459381	0.179745
0.532828	1.54887	0.518629	0.437524	0.180425
0.535198	1.54152	0.516169	0.43277	0.180574
0.558867	1.47007	0.492243	0.385309	0.182095
0.579916	1.40931	0.471899	0.343102	0.183491
0.583636	1.39884	0.468393	0.335643	0.183742
0.59331	1.37197	0.459394	0.316245	0.1844
0.5947	1.36815	0.458115	0.313456	0.184496
0.642069	1.24417	0.416603	0.21847	0.187846
0.649633	1.22544	0.410332	0.203303	0.188398
0.666721	1.18417	0.39651	0.169038	0.189665
0.667223	1.18297	0.396111	0.168031	0.189703
0.673941	1.16715	0.390811	0.154561	0.190208
0.705171	1.0963	0.367088	0.091937	0.192603
0.708495	1.08901	0.364649	0.0852717	0.192863
0.709043	1.08782	0.364249	0.0841726	0.192906
0.710407	1.08485	0.363254	0.0814374	0.193013
0.715825	1.07312	0.359329	0.0705735	0.193438
0.739553	1.02326	0.342633	0.0229942	0.19533
0.784795	0.934517	0.312917	-0.0677254	0.199053
0.785283	0.933602	0.312611	-0.0687047	0.199094
0.795354	0.914938	0.306361	-0.0888994	0.199943
0.808296	0.891499	0.298513	-0.114851	0.201045
0.829511	0.854369	0.28608	-0.157392	0.202877
0.829839	0.853808	0.285892	-0.158049	0.202905
0.830343	0.852945	0.285603	-0.159061	0.202949
0.833156	0.848147	0.283997	-0.164701	0.203195
0.857618	0.807548	0.270403	-0.213752	0.20535
0.859158	0.805058	0.269569	-0.216841	0.205487
0.867891	0.791083	0.264889	-0.234352	0.206267
0.870963	0.786226	0.263263	-0.240511	0.206542
0.896721	0.746647	0.25001	-0.292163	0.208876
0.943132	0.680296	0.227793	-0.385227	0.213184
0.952953	0.667029	0.223351	-0.404921	0.214112
0.971096	0.643199	0.215371	-0.441302	0.21584
0.997478	0.610057	0.204274	-0.494204	0.218387
1.01238	0.592097	0.19826	-0.524084	0.219842
1.01995	0.58318	0.195274	-0.539259	0.220586
1.02741	0.574513	0.192372	-0.554232	0.221322
1.06972	0.527781	0.176724	-0.639074	0.22555
1.08685	0.509967	0.170759	-0.673409	0.227286
1.08741	0.509391	0.170566	-0.67454	0.227343
1.09384	0.50287	0.168383	-0.687423	0.227999
1.09392	0.502785	0.168355	-0.687592	0.228007
1.1075	0.489281	0.163833	-0.714819	0.229399
1.12292	0.474383	0.158844	-0.745739	0.230989
1.12492	0.47248	0.158207	-0.749759	0.231197
1.12552	0.471911	0.158017	-0.750964	0.231259
1.16181	0.438795	0.146928	-0.823723	0.235049
1.19062	0.414164	0.13868	-0.881494	0.238099
1.21165	0.397058	0.132952	-0.923673	0.240347
1.21811	0.391948	0.131241	-0.936626	0.241042
1.24097	0.374387	0.125361	-0.982465	0.243512
1.24191	0.373685	0.125126	-0.984341	0.243613
1.25412	0.364648	0.1221	-1.00882	0.244941
1.26144	0.359334	0.120321	-1.0235	0.24574
1.2892	0.339879	0.113806	-1.07917	0.248789
1.32535	0.316114	0.105849	-1.15165	0.252801
1.33741	0.30856	0.103319	-1.17584	0.25415
1.36141	0.294063	0.0984653	-1.22396	0.256848
1.36814	0.29012	0.097145	-1.23746	0.257609
1.37283	0.287405	0.0962357	-1.24686	0.258139
1.38446	0.280781	0.0940178	-1.27018	0.259458
1.39225	0.276427	0.09256	-1.28581	0.260345
1.39359	0.275688	0.0923125	-1.28849	0.260497
1.39863	0.272913	0.0913832	-1.2986	0.261072
1.40161	0.271289	0.0908396	-1.30457	0.261411
1.40908	0.267253	0.089488	-1.31956	0.262266
1.43312	0.254675	0.0852765	-1.36777	0.265025
1.44448	0.248939	0.0833557	-1.39055	0.266335
1.44585	0.248259	0.0831279	-1.39328	0.266492
1.45019	0.246109	0.0824079	-1.40198	0.266994
1.47834	0.232597	0.0778838	-1.45845	0.270262
1.48527	0.229387	0.076809	-1.47234	0.27107
1.49194	0.226343	0.0757897	-1.4857	0.271847
1.5074	0.219431	0.0734753	-1.51672	0.273658
1.50909	0.218689	0.0732266	-1.52011	0.273856
1.51722	0.215154	0.0720429	-1.5364	0.274811
1.53633	0.207064	0.069334	-1.57473	0.277063
1.54124	0.205038	0.0686558	-1.58456	0.277642
1.55997	0.197478	0.0661244	-1.62213	0.279861
1.6288	0.172019	0.0575995	-1.76015	0.288089
1.62948	0.171786	0.0575215	-1.7615	0.28817
1.63521	0.169823	0.0568641	-1.773	0.288861
1.673	0.157431	0.0527148	-1.84877	0.293432
1.68182	0.154671	0.0517908	-1.86645	0.294503
1.72111	0.142951	0.0478663	-1.94525	0.299298
1.72121	0.142924	0.0478572	-1.94544	0.29931
1.732	0.139865	0.0468328	-1.96708	0.300632
1.73679	0.138526	0.0463847	-1.9767	0.301221
1.75779	0.132815	0.0444724	-2.0188	0.303803
1.76334	0.131345	0.04398	-2.02993	0.304487
1.77514	0.128273	0.0429515	-2.05359	0.305943
1.7862	0.125461	0.0420099	-2.07576	0.30731
1.79577	0.123075	0.041211	-2.09496	0.308496
1.7998	0.122085	0.0408795	-2.10303	0.308995
1.81441	0.11856	0.0396991	-2.13234	0.310809
1.82812	0.115345	0.0386225	-2.15983	0.312516
1.83528	0.113701	0.0380721	-2.17418	0.313407
1.83752	0.113191	0.0379013	-2.17868	0.313687
1.86832	0.106411	0.0356312	-2.24044	0.317537
1.89366	0.10114	0.0338661	-2.29125	0.320717
1.89441	0.100989	0.0338156	-2.29274	0.320811
1.92893	0.0942338	0.0315536	-2.36198	0.325162
1.94204	0.0917894	0.0307351	-2.38826	0.326819
1.94664	0.090947	0.030453	-2.39748	0.327401
1.99132	0.0831521	0.027843	-2.48708	0.333073
