0	1
0.00500501	1.00996
0.01001	1.01982
0.015015	1.02958
0.02002	1.03924
0.025025	1.04879
0.03003	1.05825
0.035035	1.0676
0.04004	1.07685
0.045045	1.086
0.0500501	1.09505
0.0550551	1.104
0.0600601	1.11284
0.0650651	1.12158
0.0700701	1.13022
0.0750751	1.13876
0.0800801	1.14719
0.0850851	1.15552
0.0900901	1.16375
0.0950951	1.17187
0.1001	1.17989
0.105105	1.18781
0.11011	1.19562
0.115115	1.20334
0.12012	1.21094
0.125125	1.21845
0.13013	1.22585
0.135135	1.23315
0.14014	1.24034
0.145145	1.24743
0.15015	1.25442
0.155155	1.26131
0.16016	1.26809
0.165165	1.27477
0.17017	1.28134
0.175175	1.28781
0.18018	1.29418
0.185185	1.30045
0.19019	1.30661
0.195195	1.31268
0.2002	1.31864
0.205205	1.32449
0.21021	1.33025
0.215215	1.3359
0.22022	1.34145
0.225225	1.3469
0.23023	1.35225
0.235235	1.3575
0.24024	1.36264
0.245245	1.36769
0.25025	1.37264
0.255255	1.37748
0.26026	1.38222
0.265265	1.38687
0.27027	1.39141
0.275275	1.39586
0.28028	1.40021
0.285285	1.40446
0.29029	1.40861
0.295295	1.41266
0.3003	1.41661
0.305305	1.42047
0.31031	1.42423
0.315315	1.42789
0.32032	1.43145
0.325325	1.43492
0.33033	1.4383
0.335335	1.44158
0.34034	1.44476
0.345345	1.44785
0.35035	1.45084
0.355355	1.45375
0.36036	1.45655
0.365365	1.45927
0.37037	1.46189
0.375375	1.46442
0.38038	1.46686
0.385385	1.46921
0.39039	1.47146
0.395395	1.47363
0.4004	1.47571
0.405405	1.47769
0.41041	1.47959
0.415415	1.4814
0.42042	1.48313
0.425425	1.48476
0.43043	1.48631
0.435435	1.48777
0.44044	1.48915
0.445445	1.49044
0.45045	1.49165
0.455455	1.49277
0.46046	1.49381
0.465465	1.49477
0.47047	1.49564
0.475475	1.49643
0.48048	1.49714
0.485485	1.49777
0.49049	1.49832
0.495495	1.4988
0.500501	1.49919
0.505506	1.4995
0.510511	1.49974
0.515516	1.4999
0.520521	1.49999
0.525526	1.49999
0.530531	1.49993
0.535536	1.49979
0.540541	1.49957
0.545546	1.49929
0.550551	1.49893
0.555556	1.4985
0.560561	1.498
0.565566	1.49742
0.570571	1.49678
0.575576	1.49607
0.580581	1.49529
0.585586	1.49445
0.590591	1.49354
0.595596	1.49256
0.600601	1.49151
0.605606	1.49041
0.610611	1.48923
0.615616	1.488
0.620621	1.4867
0.625626	1.48534
0.630631	1.48392
0.635636	1.48244
0.640641	1.48091
0.645646	1.47931
0.650651	1.47765
0.655656	1.47594
0.660661	1.47417
0.665666	1.47235
0.670671	1.47047
0.675676	1.46854
0.680681	1.46655
0.685686	1.46451
0.690691	1.46242
0.695696	1.46028
0.700701	1.45809
0.705706	1.45585
0.710711	1.45357
0.715716	1.45123
0.720721	1.44885
0.725726	1.44642
0.730731	1.44395
0.735736	1.44143
0.740741	1.43887
0.745746	1.43626
0.750751	1.43362
0.755756	1.43093
0.760761	1.4282
0.765766	1.42543
0.770771	1.42263
0.775776	1.41978
0.780781	1.4169
0.785786	1.41399
0.790791	1.41103
0.795796	1.40805
0.800801	1.40503
0.805806	1.40197
0.810811	1.39889
0.815816	1.39577
0.820821	1.39263
0.825826	1.38945
0.830831	1.38624
0.835836	1.38301
0.840841	1.37975
0.845846	1.37646
0.850851	1.37315
0.855856	1.36982
0.860861	1.36645
0.865866	1.36307
0.870871	1.35967
0.875876	1.35624
0.880881	1.35279
0.885886	1.34933
0.890891	1.34584
0.895896	1.34234
0.900901	1.33882
0.905906	1.33528
0.910911	1.33173
0.915916	1.32816
0.920921	1.32458
0.925926	1.32099
0.930931	1.31738
0.935936	1.31376
0.940941	1.31013
0.945946	1.30649
0.950951	1.30285
0.955956	1.29919
0.960961	1.29553
0.965966	1.29186
0.970971	1.28819
0.975976	1.2845
0.980981	1.28082
0.985986	1.27713
0.990991	1.27344
0.995996	1.26975
1.001	1.26606
1.00601	1.26236
1.01101	1.25867
1.01602	1.25498
1.02102	1.25129
1.02603	1.2476
1.03103	1.24392
1.03604	1.24024
1.04104	1.23656
1.04605	1.23289
1.05105	1.22923
1.05606	1.22558
1.06106	1.22193
1.06607	1.21829
1.07107	1.21466
1.07608	1.21105
1.08108	1.20744
1.08609	1.20384
1.09109	1.20026
1.0961	1.19669
1.1011	1.19313
1.10611	1.18959
1.11111	1.18606
1.11612	1.18255
1.12112	1.17906
1.12613	1.17558
1.13113	1.17212
1.13614	1.16868
1.14114	1.16526
1.14615	1.16186
1.15115	1.15848
1.15616	1.15512
1.16116	1.15178
1.16617	1.14846
1.17117	1.14517
1.17618	1.1419
1.18118	1.13866
1.18619	1.13544
1.19119	1.13224
1.1962	1.12907
1.2012	1.12593
1.20621	1.12282
1.21121	1.11973
1.21622	1.11668
1.22122	1.11365
1.22623	1.11065
1.23123	1.10768
1.23624	1.10474
1.24124	1.10184
1.24625	1.09896
1.25125	1.09612
1.25626	1.09331
1.26126	1.09053
1.26627	1.08779
1.27127	1.08508
1.27628	1.08241
1.28128	1.07977
1.28629	1.07717
1.29129	1.0746
1.2963	1.07207
1.3013	1.06958
1.30631	1.06713
1.31131	1.06471
1.31632	1.06234
1.32132	1.06
1.32633	1.0577
1.33133	1.05544
1.33634	1.05322
1.34134	1.05105
1.34635	1.04891
1.35135	1.04681
1.35636	1.04476
1.36136	1.04275
1.36637	1.04078
1.37137	1.03885
1.37638	1.03697
1.38138	1.03513
1.38639	1.03334
1.39139	1.03158
1.3964	1.02988
1.4014	1.02822
1.40641	1.0266
1.41141	1.02503
1.41642	1.0235
1.42142	1.02202
1.42643	1.02059
1.43143	1.0192
1.43644	1.01786
1.44144	1.01657
1.44645	1.01532
1.45145	1.01413
1.45646	1.01297
1.46146	1.01187
1.46647	1.01082
1.47147	1.00981
1.47648	1.00885
1.48148	1.00794
1.48649	1.00708
1.49149	1.00627
1.4965	1.0055
1.5015	1.00479
1.50651	1.00412
1.51151	1.00351
1.51652	1.00294
1.52152	1.00242
1.52653	1.00196
1.53153	1.00154
1.53654	1.00117
1.54154	1.00086
1.54655	1.00059
1.55155	1.00037
1.55656	1.0002
1.56156	1.00009
1.56657	1.00002
1.57157	1
1.57658	1.00003
1.58158	1.00012
1.58659	1.00025
1.59159	1.00043
1.5966	1.00067
1.6016	1.00095
1.60661	1.00128
1.61161	1.00166
1.61662	1.0021
1.62162	1.00258
1.62663	1.00311
1.63163	1.00369
1.63664	1.00432
1.64164	1.005
1.64665	1.00573
1.65165	1.00651
1.65666	1.00734
1.66166	1.00822
1.66667	1.00914
1.67167	1.01012
1.67668	1.01114
1.68168	1.01221
1.68669	1.01333
1.69169	1.01449
1.6967	1.0157
1.7017	1.01697
1.70671	1.01827
1.71171	1.01963
1.71672	1.02103
1.72172	1.02248
1.72673	1.02397
1.73173	1.02551
1.73674	1.0271
1.74174	1.02873
1.74675	1.0304
1.75175	1.03212
1.75676	1.03389
1.76176	1.0357
1.76677	1.03755
1.77177	1.03945
1.77678	1.04138
1.78178	1.04337
1.78679	1.04539
1.79179	1.04746
1.7968	1.04957
1.8018	1.05172
1.80681	1.05391
1.81181	1.05614
1.81682	1.05841
1.82182	1.06072
1.82683	1.06307
1.83183	1.06546
1.83684	1.06789
1.84184	1.07035
1.84685	1.07285
1.85185	1.07539
1.85686	1.07797
1.86186	1.08058
1.86687	1.08323
1.87187	1.08592
1.87688	1.08864
1.88188	1.09139
1.88689	1.09418
1.89189	1.097
1.8969	1.09985
1.9019	1.10273
1.90691	1.10565
1.91191	1.1086
1.91692	1.11157
1.92192	1.11458
1.92693	1.11762
1.93193	1.12069
1.93694	1.12378
1.94194	1.1269
1.94695	1.13005
1.95195	1.13323
1.95696	1.13643
1.96196	1.13966
1.96697	1.14291
1.97197	1.14619
1.97698	1.14949
1.98198	1.15281
1.98699	1.15615
1.99199	1.15952
1.997	1.16291
2.002	1.16632
2.00701	1.16974
2.01201	1.17319
2.01702	1.17666
2.02202	1.18014
2.02703	1.18364
2.03203	1.18715
2.03704	1.19069
2.04204	1.19423
2.04705	1.19779
2.05205	1.20137
2.05706	1.20496
2.06206	1.20855
2.06707	1.21217
2.07207	1.21579
2.07708	1.21942
2.08208	1.22306
2.08709	1.22671
2.09209	1.23037
2.0971	1.23403
2.1021	1.2377
2.10711	1.24138
2.11211	1.24506
2.11712	1.24874
2.12212	1.25243
2.12713	1.25612
2.13213	1.25981
2.13714	1.26351
2.14214	1.2672
2.14715	1.27089
2.15215	1.27459
2.15716	1.27828
2.16216	1.28196
2.16717	1.28565
2.17217	1.28932
2.17718	1.293
2.18218	1.29667
2.18719	1.30033
2.19219	1.30398
2.1972	1.30762
2.2022	1.31126
2.20721	1.31488
2.21221	1.3185
2.21722	1.3221
2.22222	1.32569
2.22723	1.32927
2.23223	1.33283
2.23724	1.33638
2.24224	1.33991
2.24725	1.34342
2.25225	1.34692
2.25726	1.3504
2.26226	1.35386
2.26727	1.3573
2.27227	1.36072
2.27728	1.36412
2.28228	1.3675
2.28729	1.37085
2.29229	1.37418
2.2973	1.37748
2.3023	1.38076
2.30731	1.38401
2.31231	1.38724
2.31732	1.39044
2.32232	1.3936
2.32733	1.39674
2.33233	1.39985
2.33734	1.40292
2.34234	1.40597
2.34735	1.40898
2.35235	1.41195
2.35736	1.41489
2.36236	1.4178
2.36737	1.42067
2.37237	1.4235
2.37738	1.42629
2.38238	1.42905
2.38739	1.43176
2.39239	1.43444
2.3974	1.43707
2.4024	1.43966
2.40741	1.44221
2.41241	1.44472
2.41742	1.44718
2.42242	1.44959
2.42743	1.45196
2.43243	1.45428
2.43744	1.45655
2.44244	1.45878
2.44745	1.46095
2.45245	1.46308
2.45746	1.46515
2.46246	1.46717
2.46747	1.46914
2.47247	1.47106
2.47748	1.47292
2.48248	1.47473
2.48749	1.47648
2.49249	1.47817
2.4975	1.47981
2.5025	1.48139
2.50751	1.48291
2.51251	1.48437
2.51752	1.48577
2.52252	1.48711
2.52753	1.48839
2.53253	1.4896
2.53754	1.49076
2.54254	1.49184
2.54755	1.49287
2.55255	1.49383
2.55756	1.49472
2.56256	1.49554
2.56757	1.4963
2.57257	1.49699
2.57758	1.49761
2.58258	1.49816
2.58759	1.49864
2.59259	1.49905
2.5976	1.49938
2.6026	1.49965
2.60761	1.49984
2.61261	1.49996
2.61762	1.5
2.62262	1.49997
2.62763	1.49986
2.63263	1.49968
2.63764	1.49941
2.64264	1.49908
2.64765	1.49866
2.65265	1.49816
2.65766	1.49759
2.66266	1.49693
2.66767	1.49619
2.67267	1.49538
2.67768	1.49448
2.68268	1.4935
2.68769	1.49243
2.69269	1.49128
2.6977	1.49005
2.7027	1.48873
2.70771	1.48733
2.71271	1.48584
2.71772	1.48426
2.72272	1.4826
2.72773	1.48085
2.73273	1.47901
2.73774	1.47709
2.74274	1.47507
2.74775	1.47297
2.75275	1.47077
2.75776	1.46849
2.76276	1.46611
2.76777	1.46365
2.77277	1.46109
2.77778	1.45844
2.78278	1.45569
2.78779	1.45286
2.79279	1.44993
2.7978	1.4469
2.8028	1.44378
2.80781	1.44057
2.81281	1.43726
2.81782	1.43386
2.82282	1.43036
2.82783	1.42676
2.83283	1.42307
2.83784	1.41928
2.84284	1.4154
2.84785	1.41141
2.85285	1.40733
2.85786	1.40315
2.86286	1.39887
2.86787	1.39449
2.87287	1.39002
2.87788	1.38544
2.88288	1.38077
2.88789	1.37599
2.89289	1.37111
2.8979	1.36614
2.9029	1.36106
2.90791	1.35588
2.91291	1.35061
2.91792	1.34523
2.92292	1.33974
2.92793	1.33416
2.93293	1.32848
2.93794	1.32269
2.94294	1.3168
2.94795	1.31081
2.95295	1.30472
2.95796	1.29852
2.96296	1.29222
2.96797	1.28582
2.97297	1.27932
2.97798	1.27271
2.98298	1.266
2.98799	1.25918
2.99299	1.25227
2.998	1.24525
3.003	1.23812
3.00801	1.2309
3.01301	1.22357
3.01802	1.21613
3.02302	1.2086
3.02803	1.20096
3.03303	1.19322
3.03804	1.18537
3.04304	1.17742
3.04805	1.16937
3.05305	1.16121
3.05806	1.15295
3.06306	1.14459
3.06807	1.13612
3.07307	1.12756
3.07808	1.11889
3.08308	1.11011
3.08809	1.10124
3.09309	1.09226
3.0981	1.08318
3.1031	1.074
3.10811	1.06471
3.11311	1.05533
3.11812	1.04584
3.12312	1.03625
3.12813	1.02657
3.13313	1.01678
3.13814	1.00689
3.14314	0.996894
3.14815	0.986803
3.15315	0.976612
3.15816	0.966322
3.16316	0.955932
3.16817	0.945443
3.17317	0.934855
3.17818	0.924169
3.18318	0.913385
3.18819	0.902504
3.19319	0.891524
3.1982	0.880448
3.2032	0.869275
3.20821	0.858005
3.21321	0.84664
3.21822	0.835179
3.22322	0.823623
3.22823	0.811972
3.23323	0.800226
3.23824	0.788387
3.24324	0.776454
3.24825	0.764428
3.25325	0.75231
3.25826	0.740099
3.26326	0.727797
3.26827	0.715404
3.27327	0.70292
3.27828	0.690345
3.28328	0.677682
3.28829	0.664929
3.29329	0.652087
3.2983	0.639157
3.3033	0.62614
3.30831	0.613036
3.31331	0.599846
3.31832	0.586569
3.32332	0.573208
3.32833	0.559762
3.33333	0.546232
3.33834	0.532618
3.34334	0.518922
3.34835	0.505144
3.35335	0.491284
3.35836	0.477344
3.36336	0.463323
3.36837	0.449223
3.37337	0.435044
3.37838	0.420787
3.38338	0.406452
3.38839	0.392041
3.39339	0.377554
3.3984	0.362991
3.4034	0.348354
3.40841	0.333643
3.41341	0.318859
3.41842	0.304003
3.42342	0.289075
3.42843	0.274077
3.43343	0.259008
3.43844	0.24387
3.44344	0.228664
3.44845	0.213391
3.45345	0.19805
3.45846	0.182644
3.46346	0.167172
3.46847	0.151636
3.47347	0.136037
3.47848	0.120375
3.48348	0.104651
3.48849	0.0888666
3.49349	0.073022
3.4985	0.0571183
3.5035	0.0411564
3.50851	0.0251371
3.51351	0.00906142
3.51852	-0.0070698
3.52352	-0.0232556
3.52853	-0.0394952
3.53353	-0.0557874
3.53854	-0.0721315
3.54354	-0.0885265
3.54855	-0.104971
3.55355	-0.121465
3.55856	-0.138007
3.56356	-0.154596
3.56857	-0.171231
3.57357	-0.187911
3.57858	-0.204635
3.58358	-0.221403
3.58859	-0.238212
3.59359	-0.255063
3.5986	-0.271953
3.6036	-0.288883
3.60861	-0.305851
3.61361	-0.322855
3.61862	-0.339896
3.62362	-0.356972
3.62863	-0.374081
3.63363	-0.391224
3.63864	-0.408398
3.64364	-0.425603
3.64865	-0.442837
3.65365	-0.460101
3.65866	-0.477392
3.66366	-0.494709
3.66867	-0.512051
3.67367	-0.529418
3.67868	-0.546809
3.68368	-0.564221
3.68869	-0.581654
3.69369	-0.599107
3.6987	-0.616579
3.7037	-0.634069
3.70871	-0.651575
3.71371	-0.669097
3.71872	-0.686633
3.72372	-0.704182
3.72873	-0.721743
3.73373	-0.739316
3.73874	-0.756898
3.74374	-0.774488
3.74875	-0.792087
3.75375	-0.809691
3.75876	-0.827301
3.76376	-0.844915
3.76877	-0.862532
3.77377	-0.880151
3.77878	-0.89777
3.78378	-0.915389
3.78879	-0.933006
3.79379	-0.95062
3.7988	-0.96823
3.8038	-0.985835
3.80881	-1.00343
3.81381	-1.02102
3.81882	-1.03861
3.82382	-1.05618
3.82883	-1.07374
3.83383	-1.09129
3.83884	-1.10883
3.84384	-1.12635
3.84885	-1.14385
3.85385	-1.16134
3.85886	-1.17881
3.86386	-1.19626
3.86887	-1.21369
3.87387	-1.2311
3.87888	-1.24849
3.88388	-1.26585
3.88889	-1.28319
3.89389	-1.3005
3.8989	-1.31778
3.9039	-1.33503
3.90891	-1.35226
3.91391	-1.36945
3.91892	-1.38661
3.92392	-1.40374
3.92893	-1.42083
3.93393	-1.43788
3.93894	-1.4549
3.94394	-1.47188
3.94895	-1.48883
3.95395	-1.50573
3.95896	-1.52259
3.96396	-1.5394
3.96897	-1.55617
3.97397	-1.5729
3.97898	-1.58958
3.98398	-1.60621
3.98899	-1.6228
3.99399	-1.63933
3.999	-1.65581
4.004	-1.67225
4.00901	-1.68862
4.01401	-1.70495
4.01902	-1.72121
4.02402	-1.73742
4.02903	-1.75357
4.03403	-1.76967
4.03904	-1.7857
4.04404	-1.80167
4.04905	-1.81758
4.05405	-1.83342
4.05906	-1.8492
4.06406	-1.86492
4.06907	-1.88057
4.07407	-1.89614
4.07908	-1.91165
4.08408	-1.92709
4.08909	-1.94246
4.09409	-1.95776
4.0991	-1.97298
4.1041	-1.98812
4.10911	-2.00319
4.11411	-2.01819
4.11912	-2.0331
4.12412	-2.04794
4.12913	-2.0627
4.13413	-2.07737
4.13914	-2.09197
4.14414	-2.10648
4.14915	-2.1209
4.15415	-2.13524
4.15916	-2.14949
4.16416	-2.16366
4.16917	-2.17774
4.17417	-2.19172
4.17918	-2.20562
4.18418	-2.21943
4.18919	-2.23314
4.19419	-2.24676
4.1992	-2.26029
4.2042	-2.27371
4.20921	-2.28705
4.21421	-2.30028
4.21922	-2.31342
4.22422	-2.32646
4.22923	-2.33939
4.23423	-2.35223
4.23924	-2.36496
4.24424	-2.37759
4.24925	-2.39012
4.25425	-2.40254
4.25926	-2.41486
4.26426	-2.42707
4.26927	-2.43917
4.27427	-2.45116
4.27928	-2.46304
4.28428	-2.47481
4.28929	-2.48647
4.29429	-2.49802
4.2993	-2.50946
4.3043	-2.52078
4.30931	-2.53199
4.31431	-2.54308
4.31932	-2.55406
4.32432	-2.56492
4.32933	-2.57566
4.33433	-2.58628
4.33934	-2.59678
4.34434	-2.60717
4.34935	-2.61743
4.35435	-2.62757
4.35936	-2.63758
4.36436	-2.64748
4.36937	-2.65725
4.37437	-2.66689
4.37938	-2.67641
4.38438	-2.68581
4.38939	-2.69507
4.39439	-2.70421
4.3994	-2.71322
4.4044	-2.72211
4.40941	-2.73086
4.41441	-2.73948
4.41942	-2.74797
4.42442	-2.75633
4.42943	-2.76456
4.43443	-2.77266
4.43944	-2.78062
4.44444	-2.78845
4.44945	-2.79614
4.45445	-2.8037
4.45946	-2.81113
4.46446	-2.81841
4.46947	-2.82556
4.47447	-2.83258
4.47948	-2.83945
4.48448	-2.84619
4.48949	-2.85279
4.49449	-2.85925
4.4995	-2.86557
4.5045	-2.87175
4.50951	-2.87778
4.51451	-2.88368
4.51952	-2.88944
4.52452	-2.89505
4.52953	-2.90052
4.53453	-2.90585
4.53954	-2.91104
4.54454	-2.91608
4.54955	-2.92098
4.55455	-2.92573
4.55956	-2.93034
4.56456	-2.9348
4.56957	-2.93912
4.57457	-2.94329
4.57958	-2.94732
4.58458	-2.9512
4.58959	-2.95493
4.59459	-2.95852
4.5996	-2.96196
4.6046	-2.96525
4.60961	-2.96839
4.61461	-2.97139
4.61962	-2.97424
4.62462	-2.97694
4.62963	-2.97949
4.63463	-2.98189
4.63964	-2.98414
4.64464	-2.98625
4.64965	-2.9882
4.65465	-2.99001
4.65966	-2.99166
4.66466	-2.99317
4.66967	-2.99453
4.67467	-2.99573
4.67968	-2.99679
4.68468	-2.9977
4.68969	-2.99845
4.69469	-2.99906
4.6997	-2.99952
4.7047	-2.99982
4.70971	-2.99998
4.71471	-2.99998
4.71972	-2.99984
4.72472	-2.99954
4.72973	-2.9991
4.73473	-2.9985
4.73974	-2.99776
4.74474	-2.99686
4.74975	-2.99581
4.75475	-2.99462
4.75976	-2.99327
4.76476	-2.99178
4.76977	-2.99013
4.77477	-2.98834
4.77978	-2.98639
4.78478	-2.9843
4.78979	-2.98205
4.79479	-2.97966
4.7998	-2.97712
4.8048	-2.97443
4.80981	-2.9716
4.81481	-2.96861
4.81982	-2.96548
4.82482	-2.96219
4.82983	-2.95877
4.83483	-2.95519
4.83984	-2.95147
4.84484	-2.9476
4.84985	-2.94358
4.85485	-2.93942
4.85986	-2.93511
4.86486	-2.93066
4.86987	-2.92606
4.87487	-2.92132
4.87988	-2.91643
4.88488	-2.9114
4.88989	-2.90622
4.89489	-2.9009
4.8999	-2.89544
4.9049	-2.88984
4.90991	-2.88409
4.91491	-2.87821
4.91992	-2.87218
4.92492	-2.86601
4.92993	-2.8597
4.93493	-2.85325
4.93994	-2.84666
4.94494	-2.83993
4.94995	-2.83307
4.95495	-2.82606
4.95996	-2.81892
4.96496	-2.81164
4.96997	-2.80423
4.97497	-2.79668
4.97998	-2.789
4.98498	-2.78118
4.98999	-2.77323
4.99499	-2.76514
5	-2.75692
