0.01001	3.72615
0.02002	3.05578
0.03003	2.72015
0.04004	2.50375
0.0500501	2.34699
0.0600601	2.2254
0.0700701	2.12675
0.0800801	2.04406
0.0900901	1.97305
0.1001	1.9109
0.11011	1.85566
0.12012	1.80593
0.13013	1.76068
0.14014	1.71914
0.15015	1.68069
0.16016	1.64486
0.17017	1.61128
0.18018	1.57963
0.19019	1.54966
0.2002	1.52116
0.21021	1.49395
0.22022	1.46789
0.23023	1.44284
0.24024	1.41871
0.25025	1.39539
0.26026	1.37281
0.27027	1.35089
0.28028	1.32958
0.29029	1.30882
0.3003	1.28856
0.31031	1.26877
0.32032	1.2494
0.33033	1.23042
0.34034	1.21181
0.35035	1.19353
0.36036	1.17557
0.37037	1.1579
0.38038	1.14051
0.39039	1.12338
0.4004	1.10649
0.41041	1.08983
0.42042	1.07339
0.43043	1.05715
0.44044	1.04111
0.45045	1.02527
0.46046	1.0096
0.47047	0.99411
0.48048	0.978786
0.49049	0.963626
0.500501	0.948622
0.510511	0.933772
0.520521	0.919072
0.530531	0.904517
0.540541	0.890104
0.550551	0.875832
0.560561	0.861697
0.570571	0.847698
0.580581	0.833832
0.590591	0.820098
0.600601	0.806496
0.610611	0.793023
0.620621	0.779678
0.630631	0.766462
0.640641	0.753372
0.650651	0.74041
0.660661	0.727574
0.670671	0.714864
0.680681	0.70228
0.690691	0.689822
0.700701	0.67749
0.710711	0.665284
0.720721	0.653204
0.730731	0.64125
0.740741	0.629422
0.750751	0.617721
0.760761	0.606147
0.770771	0.5947
0.780781	0.583381
0.790791	0.572189
0.800801	0.561124
0.810811	0.550189
0.820821	0.539381
0.830831	0.528703
0.840841	0.518153
0.850851	0.507733
0.860861	0.497443
0.870871	0.487282
0.880881	0.477251
0.890891	0.46735
0.900901	0.457579
0.910911	0.447939
0.920921	0.438429
0.930931	0.429049
0.940941	0.4198
0.950951	0.410681
0.960961	0.401693
0.970971	0.392834
0.980981	0.384106
0.990991	0.375507
1.001	0.367038
1.01101	0.358699
1.02102	0.350488
1.03103	0.342407
1.04104	0.334453
1.05105	0.326628
1.06106	0.31893
1.07107	0.311359
1.08108	0.303914
1.09109	0.296595
1.1011	0.289401
1.11111	0.282332
1.12112	0.275387
1.13113	0.268565
1.14114	0.261865
1.15115	0.255287
1.16116	0.24883
1.17117	0.242492
1.18118	0.236274
1.19119	0.230173
1.2012	0.22419
1.21121	0.218323
1.22122	0.21257
1.23123	0.206932
1.24124	0.201407
1.25125	0.195994
1.26126	0.190692
1.27127	0.185499
1.28128	0.180414
1.29129	0.175437
1.3013	0.170566
1.31131	0.1658
1.32132	0.161137
1.33133	0.156577
1.34134	0.152117
1.35135	0.147758
1.36136	0.143497
1.37137	0.139333
1.38138	0.135264
1.39139	0.131291
1.4014	0.12741
1.41141	0.123621
1.42142	0.119922
1.43143	0.116313
1.44144	0.112791
1.45145	0.109355
1.46146	0.106004
1.47147	0.102736
1.48148	0.099551
1.49149	0.0964463
1.5015	0.0934209
1.51151	0.0904735
1.52152	0.0876026
1.53153	0.0848068
1.54154	0.0820848
1.55155	0.0794352
1.56156	0.0768566
1.57157	0.0743478
1.58158	0.0719072
1.59159	0.0695336
1.6016	0.0672257
1.61161	0.064982
1.62162	0.0628014
1.63163	0.0606824
1.64164	0.0586238
1.65165	0.0566243
1.66166	0.0546826
1.67167	0.0527974
1.68168	0.0509676
1.69169	0.0491918
1.7017	0.0474688
1.71171	0.0457975
1.72172	0.0441765
1.73173	0.0426049
1.74174	0.0410813
1.75175	0.0396046
1.76176	0.0381737
1.77177	0.0367875
1.78178	0.0354448
1.79179	0.0341446
1.8018	0.0328858
1.81181	0.0316673
1.82182	0.0304882
1.83183	0.0293473
1.84184	0.0282437
1.85185	0.0271763
1.86186	0.0261443
1.87187	0.0251467
1.88188	0.0241824
1.89189	0.0232507
1.9019	0.0223506
1.91191	0.0214811
1.92192	0.0206416
1.93193	0.019831
1.94194	0.0190486
1.95195	0.0182935
1.96196	0.0175649
1.97197	0.0168622
1.98198	0.0161844
1.99199	0.0155308
2.002	0.0149008
2.01201	0.0142936
2.02202	0.0137084
2.03203	0.0131447
2.04204	0.0126017
2.05205	0.0120788
2.06206	0.0115754
2.07207	0.0110908
2.08208	0.0106244
2.09209	0.0101757
2.1021	0.00974402
2.11211	0.00932886
2.12212	0.00892965
2.13213	0.00854586
2.14214	0.00817698
2.15215	0.00782251
2.16216	0.00748195
2.17217	0.00715482
2.18218	0.00684067
2.19219	0.00653904
2.2022	0.0062495
2.21221	0.00597161
2.22222	0.00570498
2.23223	0.00544918
2.24224	0.00520384
2.25225	0.00496858
2.26226	0.00474304
2.27227	0.00452685
2.28228	0.00431967
2.29229	0.00412117
2.3023	0.00393102
2.31231	0.00374892
2.32232	0.00357455
2.33233	0.00340764
2.34234	0.00324788
2.35235	0.003095
2.36236	0.00294875
2.37237	0.00280886
2.38238	0.00267508
2.39239	0.00254718
2.4024	0.00242492
2.41241	0.00230808
2.42242	0.00219643
2.43243	0.00208978
2.44244	0.00198792
2.45245	0.00189065
2.46246	0.00179779
2.47247	0.00170916
2.48248	0.00162458
2.49249	0.00154388
2.5025	0.0014669
2.51251	0.00139349
2.52252	0.00132349
2.53253	0.00125677
2.54254	0.00119317
2.55255	0.00113257
2.56256	0.00107484
2.57257	0.00101985
2.58258	0.00096748
2.59259	0.000917623
2.6026	0.000870163
2.61261	0.000824997
2.62262	0.000782022
2.63263	0.00074114
2.64264	0.000702257
2.65265	0.000665283
2.66266	0.000630133
2.67267	0.000596722
2.68268	0.000564972
2.69269	0.000534806
2.7027	0.000506152
2.71271	0.000478938
2.72272	0.000453099
2.73273	0.00042857
2.74274	0.000405288
2.75275	0.000383197
2.76276	0.000362238
2.77277	0.000342358
2.78278	0.000323505
2.79279	0.000305631
2.8028	0.000288687
2.81281	0.000272629
2.82282	0.000257414
2.83283	0.000243
2.84284	0.000229348
2.85285	0.00021642
2.86286	0.000204181
2.87287	0.000192596
2.88288	0.000181632
2.89289	0.000171259
2.9029	0.000161447
2.91291	0.000152167
2.92292	0.000143392
2.93293	0.000135096
2.94294	0.000127255
2.95295	0.000119846
2.96296	0.000112846
2.97297	0.000106233
2.98298	9.99889e-05
2.99299	9.40929e-05
3.003	8.85271e-05
3.01301	8.32741e-05
3.02302	7.83173e-05
3.03303	7.36411e-05
3.04304	6.92304e-05
3.05305	6.50711e-05
3.06306	6.11495e-05
3.07307	5.7453e-05
3.08308	5.39693e-05
3.09309	5.06868e-05
3.1031	4.75945e-05
3.11311	4.46821e-05
3.12312	4.19396e-05
3.13313	3.93577e-05
3.14314	3.69274e-05
3.15315	3.46404e-05
3.16316	3.24886e-05
3.17317	3.04644e-05
3.18318	2.85607e-05
3.19319	2.67707e-05
3.2032	2.50879e-05
3.21321	2.35062e-05
3.22322	2.20199e-05
3.23323	2.06235e-05
3.24324	1.93119e-05
3.25325	1.80801e-05
3.26326	1.69235e-05
3.27327	1.58377e-05
3.28328	1.48187e-05
3.29329	1.38625e-05
3.3033	1.29655e-05
3.31331	1.21241e-05
3.32332	1.13351e-05
3.33333	1.05953e-05
3.34334	9.9018e-06
3.35335	9.2519e-06
3.36336	8.64294e-06
3.37337	8.07246e-06
3.38338	7.53815e-06
3.39339	7.03781e-06
3.4034	6.56938e-06
3.41341	6.13092e-06
3.42342	5.72058e-06
3.43343	5.33666e-06
3.44344	4.97751e-06
3.45345	4.64162e-06
3.46346	4.32753e-06
3.47347	4.0339e-06
3.48348	3.75945e-06
3.49349	3.50298e-06
3.5035	3.26335e-06
3.51351	3.03952e-06
3.52352	2.83048e-06
3.53353	2.63529e-06
3.54354	2.45308e-06
3.55355	2.28301e-06
3.56356	2.12432e-06
3.57357	1.97626e-06
3.58358	1.83816e-06
3.59359	1.70937e-06
3.6036	1.58929e-06
3.61361	1.47735e-06
3.62362	1.37302e-06
3.63363	1.27581e-06
3.64364	1.18524e-06
3.65365	1.10089e-06
3.66366	1.02234e-06
3.67367	9.49199e-07
3.68368	8.8112e-07
3.69369	8.17762e-07
3.7037	7.58809e-07
3.71371	7.03966e-07
3.72372	6.52957e-07
3.73373	6.05525e-07
3.74374	5.61427e-07
3.75375	5.20437e-07
3.76376	4.82344e-07
3.77377	4.4695e-07
3.78378	4.14072e-07
3.79379	3.83536e-07
3.8038	3.55181e-07
3.81381	3.28857e-07
3.82382	3.04424e-07
3.83383	2.81751e-07
3.84384	2.60714e-07
3.85385	2.412e-07
3.86386	2.23102e-07
3.87387	2.06322e-07
3.88388	1.90765e-07
3.89389	1.76347e-07
3.9039	1.62986e-07
3.91391	1.50607e-07
3.92392	1.39141e-07
3.93393	1.28522e-07
3.94394	1.18691e-07
3.95395	1.09589e-07
3.96396	1.01165e-07
3.97397	9.33707e-08
3.98398	8.61594e-08
3.99399	7.94893e-08
4.004	7.33211e-08
4.01401	6.7618e-08
4.02402	6.23461e-08
4.03403	5.74739e-08
4.04404	5.29719e-08
4.05405	4.88128e-08
4.06406	4.49713e-08
4.07407	4.1424e-08
4.08408	3.81488e-08
4.09409	3.51257e-08
4.1041	3.23357e-08
4.11411	2.97613e-08
4.12412	2.73865e-08
4.13413	2.51962e-08
4.14414	2.31764e-08
4.15415	2.13144e-08
4.16416	1.9598e-08
4.17417	1.80162e-08
4.18418	1.65589e-08
4.19419	1.52164e-08
4.2042	1.39799e-08
4.21421	1.28414e-08
4.22422	1.17933e-08
4.23423	1.08285e-08
4.24424	9.94071e-09
4.25425	9.12388e-09
4.26426	8.37251e-09
4.27427	7.68148e-09
4.28428	7.04609e-09
4.29429	6.46197e-09
4.3043	5.9251e-09
4.31431	5.43175e-09
4.32432	4.97849e-09
4.33433	4.56214e-09
4.34434	4.17978e-09
4.35435	3.82871e-09
4.36436	3.50643e-09
4.37437	3.21063e-09
4.38438	2.93921e-09
4.39439	2.69019e-09
4.4044	2.46178e-09
4.41441	2.25232e-09
4.42442	2.06027e-09
4.43443	1.88422e-09
4.44444	1.72287e-09
4.45445	1.57503e-09
4.46446	1.43958e-09
4.47447	1.31552e-09
4.48448	1.20191e-09
4.49449	1.0979e-09
4.5045	1.00269e-09
4.51451	9.15549e-10
4.52452	8.35817e-10
4.53453	7.62877e-10
4.54454	6.96164e-10
4.55455	6.35158e-10
4.56456	5.79384e-10
4.57457	5.28401e-10
4.58458	4.81809e-10
4.59459	4.39238e-10
4.6046	4.00349e-10
4.61461	3.6483e-10
4.62462	3.32396e-10
4.63463	3.02785e-10
4.64464	2.75757e-10
4.65465	2.51092e-10
4.66466	2.28588e-10
4.67467	2.08059e-10
4.68468	1.89336e-10
4.69469	1.72263e-10
4.7047	1.56699e-10
4.71471	1.42513e-10
4.72472	1.29585e-10
4.73473	1.17807e-10
4.74474	1.07077e-10
4.75475	9.73058e-11
4.76476	8.84084e-11
4.77477	8.03086e-11
4.78478	7.29363e-11
4.79479	6.62276e-11
4.8048	6.01241e-11
4.81481	5.45721e-11
4.82482	4.9523e-11
4.83483	4.4932e-11
4.84484	4.07586e-11
4.85485	3.69654e-11
4.86486	3.35186e-11
4.87487	3.03871e-11
4.88488	2.75427e-11
4.89489	2.49595e-11
4.9049	2.26142e-11
4.91491	2.04851e-11
4.92492	1.85528e-11
4.93493	1.67994e-11
4.94494	1.52087e-11
4.95495	1.37658e-11
4.96496	1.24574e-11
4.97497	1.12711e-11
4.98498	1.01957e-11
4.99499	9.22109e-12
5.00501	8.33798e-12
5.01502	7.53794e-12
5.02503	6.81331e-12
5.03504	6.15712e-12
5.04505	5.56301e-12
5.05506	5.02523e-12
5.06507	4.53853e-12
5.07508	4.09815e-12
5.08509	3.69977e-12
5.0951	3.33945e-12
5.10511	3.01361e-12
5.11512	2.71903e-12
5.12513	2.45276e-12
5.13514	2.21212e-12
5.14515	1.99469e-12
5.15516	1.79827e-12
5.16517	1.62087e-12
5.17518	1.46068e-12
5.18519	1.31606e-12
5.1952	1.18553e-12
5.20521	1.06772e-12
5.21522	9.61435e-13
5.22523	8.65554e-13
5.23524	7.7908e-13
5.24525	7.01105e-13
5.25526	6.30809e-13
5.26527	5.67448e-13
5.27528	5.10349e-13
5.28529	4.58905e-13
5.2953	4.12564e-13
5.30531	3.70828e-13
5.31532	3.33248e-13
5.32533	2.99417e-13
5.33534	2.68967e-13
5.34535	2.41565e-13
5.35536	2.16911e-13
5.36537	1.94735e-13
5.37538	1.74791e-13
5.38539	1.56859e-13
5.3954	1.40738e-13
5.40541	1.26249e-13
5.41542	1.13229e-13
5.42543	1.01531e-13
5.43544	9.10238e-14
5.44545	8.15876e-14
5.45546	7.31151e-14
5.46547	6.55093e-14
5.47548	5.8683e-14
5.48549	5.25576e-14
5.4955	4.70621e-14
5.50551	4.21329e-14
5.51552	3.77124e-14
5.52553	3.3749e-14
5.53554	3.01961e-14
5.54555	2.70118e-14
5.55556	2.41585e-14
5.56557	2.16023e-14
5.57558	1.93127e-14
5.58559	1.72623e-14
5.5956	1.54266e-14
5.60561	1.37833e-14
5.61562	1.23126e-14
5.62563	1.09966e-14
5.63564	9.81936e-15
5.64565	8.76637e-15
5.65566	7.82474e-15
5.66567	6.98286e-15
5.67568	6.23032e-15
5.68569	5.55777e-15
5.6957	4.95683e-15
5.70571	4.41999e-15
5.71572	3.9405e-15
5.72573	3.51233e-15
5.73574	3.13005e-15
5.74575	2.78883e-15
5.75576	2.48431e-15
5.76577	2.2126e-15
5.77578	1.97021e-15
5.78579	1.75403e-15
5.7958	1.56125e-15
5.80581	1.38939e-15
5.81582	1.2362e-15
5.82583	1.09968e-15
5.83584	9.78036e-16
5.84585	8.69678e-16
5.85586	7.73171e-16
5.86587	6.87236e-16
5.87588	6.1073e-16
5.88589	5.42633e-16
5.8959	4.82033e-16
5.90591	4.28115e-16
5.91592	3.80152e-16
5.92593	3.37495e-16
5.93594	2.99565e-16
5.94595	2.65845e-16
5.95596	2.35873e-16
5.96597	2.09239e-16
5.97598	1.85575e-16
5.98599	1.64554e-16
5.996	1.45886e-16
6.00601	1.29309e-16
6.01602	1.14593e-16
6.02603	1.01532e-16
6.03604	8.99414e-17
6.04605	7.96581e-17
6.05606	7.05364e-17
6.06607	6.24467e-17
6.07608	5.52739e-17
6.08609	4.89151e-17
6.0961	4.32792e-17
6.10611	3.82851e-17
6.11612	3.38604e-17
6.12613	2.99412e-17
6.13614	2.64703e-17
6.14615	2.33971e-17
6.15616	2.06766e-17
6.16617	1.82687e-17
6.17618	1.6138e-17
6.18619	1.4253e-17
6.1962	1.25857e-17
6.20621	1.11112e-17
6.21622	9.80744e-18
6.22623	8.65496e-18
6.23624	7.63639e-18
6.24625	6.73634e-18
6.25626	5.94119e-18
6.26627	5.23885e-18
6.27628	4.61861e-18
6.28629	4.071e-18
6.2963	3.58759e-18
6.30631	3.16096e-18
6.31632	2.7845e-18
6.32633	2.45239e-18
6.33634	2.15946e-18
6.34635	1.90114e-18
6.35636	1.67339e-18
6.36637	1.47262e-18
6.37638	1.29569e-18
6.38639	1.13978e-18
6.3964	1.00244e-18
6.40641	8.81467e-19
6.41642	7.74939e-19
6.42643	6.8115e-19
6.43644	5.98592e-19
6.44645	5.25935e-19
6.45646	4.62006e-19
6.46647	4.05766e-19
6.47648	3.56301e-19
6.48649	3.12803e-19
6.4965	2.74561e-19
6.50651	2.40946e-19
6.51652	2.11405e-19
6.52653	1.85448e-19
6.53654	1.62646e-19
6.54655	1.42619e-19
6.55656	1.25033e-19
6.56657	1.09594e-19
6.57658	9.60415e-20
6.58659	8.41485e-20
6.5966	7.37134e-20
6.60661	6.45595e-20
6.61662	5.65311e-20
6.62663	4.94911e-20
6.63664	4.33192e-20
6.64665	3.79094e-20
6.65666	3.31686e-20
6.66667	2.90149e-20
6.67668	2.53762e-20
6.68669	2.21895e-20
6.6967	1.9399e-20
6.70671	1.69561e-20
6.71672	1.48178e-20
6.72673	1.29467e-20
6.73674	1.13095e-20
6.74675	9.8774e-21
6.75676	8.62492e-21
6.76677	7.52975e-21
6.77678	6.57233e-21
6.78679	5.7355e-21
6.7968	5.00423e-21
6.80681	4.36531e-21
6.81682	3.80721e-21
6.82683	3.3198e-21
6.83684	2.89421e-21
6.84685	2.52268e-21
6.85686	2.1984e-21
6.86687	1.91542e-21
6.87688	1.66854e-21
6.88689	1.45318e-21
6.8969	1.26537e-21
6.90691	1.10161e-21
6.91692	9.58855e-22
6.92693	8.34431e-22
6.93694	7.26007e-22
6.94695	6.31545e-22
6.95696	5.49264e-22
6.96697	4.77608e-22
6.97698	4.15217e-22
6.98699	3.60904e-22
6.997	3.13633e-22
7.00701	2.72499e-22
7.01702	2.36713e-22
7.02703	2.05585e-22
7.03704	1.78515e-22
7.04705	1.54978e-22
7.05706	1.34517e-22
7.06707	1.16735e-22
7.07708	1.01283e-22
7.08709	8.78589e-23
7.0971	7.61987e-23
7.10711	6.60728e-23
7.11712	5.72811e-23
7.12713	4.96493e-23
7.13714	4.30257e-23
7.14715	3.72783e-23
7.15716	3.22922e-23
7.16717	2.79674e-23
7.17718	2.4217e-23
7.18719	2.09653e-23
7.1972	1.81466e-23
7.20721	1.57037e-23
7.21722	1.3587e-23
7.22723	1.17532e-23
7.23724	1.01649e-23
7.24725	8.7895e-24
7.25726	7.59867e-24
7.26727	6.56786e-24
7.27728	5.67576e-24
7.28729	4.90385e-24
7.2973	4.23607e-24
7.30731	3.6585e-24
7.31732	3.15904e-24
7.32733	2.72723e-24
7.33734	2.35397e-24
7.34735	2.03139e-24
7.35736	1.75266e-24
7.36737	1.51188e-24
7.37738	1.30391e-24
7.38739	1.12433e-24
7.3974	9.69285e-25
7.40741	8.35454e-25
7.41742	7.19958e-25
7.42743	6.20305e-25
7.43744	5.34338e-25
7.44745	4.60193e-25
7.45746	3.96258e-25
7.46747	3.41136e-25
7.47748	2.93624e-25
7.48749	2.52679e-25
7.4975	2.174e-25
7.50751	1.87009e-25
7.51752	1.60834e-25
7.52753	1.38296e-25
7.53754	1.18892e-25
7.54755	1.0219e-25
7.55756	8.78166e-26
7.56757	7.545e-26
7.57758	6.48119e-26
7.58759	5.56626e-26
7.5976	4.77953e-26
7.60761	4.10318e-26
7.61762	3.52183e-26
7.62763	3.02225e-26
7.63764	2.59302e-26
7.64765	2.2243e-26
7.65766	1.90763e-26
7.66767	1.63572e-26
7.67768	1.40228e-26
7.68769	1.20192e-26
7.6977	1.02998e-26
7.70771	8.82464e-27
7.71772	7.55922e-27
7.72773	6.47397e-27
7.73774	5.54341e-27
7.74775	4.74566e-27
7.75776	4.0619e-27
7.76777	3.47596e-27
7.77778	2.97396e-27
7.78779	2.54394e-27
7.7978	2.17567e-27
7.80781	1.86033e-27
7.81782	1.59039e-27
7.82783	1.35934e-27
7.83784	1.16163e-27
7.84785	9.9247e-28
7.85786	8.47778e-28
7.86787	7.24035e-28
7.87788	6.18231e-28
7.88789	5.27782e-28
7.8979	4.50476e-28
7.90791	3.84417e-28
7.91792	3.27979e-28
7.92793	2.79771e-28
7.93794	2.38601e-28
7.94795	2.03449e-28
7.95796	1.73441e-28
7.96797	1.47829e-28
7.97798	1.25975e-28
7.98799	1.0733e-28
7.998	9.14257e-29
8.00801	7.78628e-29
8.01802	6.62987e-29
8.02803	5.64409e-29
8.03804	4.80391e-29
8.04805	4.08799e-29
8.05806	3.47806e-29
8.06807	2.95855e-29
8.07808	2.51613e-29
8.08809	2.13944e-29
8.0981	1.81878e-29
8.10811	1.54587e-29
8.11812	1.31365e-29
8.12813	1.11609e-29
8.13814	9.48056e-30
8.14815	8.05156e-30
8.15816	6.83659e-30
8.16817	5.80379e-30
8.17818	4.92604e-30
8.18819	4.18019e-30
8.1982	3.54657e-30
8.20821	3.00839e-30
8.21822	2.55136e-30
8.22823	2.16333e-30
8.23824	1.83395e-30
8.24825	1.55441e-30
8.25826	1.31721e-30
8.26827	1.11599e-30
8.27828	9.45318e-31
8.28829	8.00586e-31
8.2983	6.77878e-31
8.30831	5.73863e-31
8.31832	4.85711e-31
8.32833	4.11018e-31
8.33834	3.47742e-31
8.34835	2.94148e-31
8.35836	2.48765e-31
8.36837	2.10341e-31
8.37838	1.77817e-31
8.38839	1.50292e-31
8.3984	1.27002e-31
8.40841	1.073e-31
8.41842	9.06356e-32
8.42843	7.65444e-32
8.43844	6.4631e-32
8.44845	5.45609e-32
8.45846	4.60506e-32
8.46847	3.886e-32
8.47848	3.27855e-32
8.48849	2.76551e-32
8.4985	2.33229e-32
8.50851	1.96653e-32
8.51852	1.65781e-32
8.52853	1.39727e-32
8.53854	1.17744e-32
8.54855	9.91998e-33
8.55856	8.35595e-33
8.56857	7.03711e-33
8.57858	5.92524e-33
8.58859	4.98805e-33
8.5986	4.19825e-33
8.60861	3.5328e-33
8.61862	2.97223e-33
8.62863	2.50012e-33
8.63864	2.10257e-33
8.64865	1.76788e-33
8.65866	1.48618e-33
8.66867	1.24911e-33
8.67868	1.04965e-33
8.68869	8.81859e-34
8.6987	7.40744e-34
8.70871	6.22086e-34
8.71872	5.22331e-34
8.72873	4.38484e-34
8.73874	3.68024e-34
8.74875	3.08823e-34
8.75876	2.59095e-34
8.76877	2.1733e-34
8.77878	1.82261e-34
8.78879	1.5282e-34
8.7988	1.28109e-34
8.80881	1.07373e-34
8.81882	8.99748e-35
8.82883	7.53808e-35
8.83884	6.31413e-35
8.84885	5.28786e-35
8.85886	4.4275e-35
8.86887	3.70639e-35
8.87888	3.1021e-35
8.88889	2.59582e-35
8.8989	2.17173e-35
8.90891	1.81657e-35
8.91892	1.51918e-35
8.92893	1.27022e-35
8.93894	1.06185e-35
8.94895	8.87486e-36
8.95896	7.41604e-36
8.96897	6.19577e-36
8.97898	5.17526e-36
8.98899	4.32197e-36
8.999	3.60865e-36
9.00901	3.01246e-36
9.01902	2.51426e-36
9.02903	2.09803e-36
9.03904	1.75036e-36
9.04905	1.46001e-36
9.05906	1.21758e-36
9.06907	1.0152e-36
9.07908	8.46291e-37
9.08909	7.05344e-37
9.0991	5.87753e-37
9.10911	4.89668e-37
9.11912	4.07871e-37
9.12913	3.39669e-37
9.13914	2.82815e-37
9.14915	2.3543e-37
9.15916	1.95945e-37
9.16917	1.6305e-37
9.17918	1.3565e-37
9.18919	1.12832e-37
9.1992	9.38333e-38
9.20921	7.80181e-38
9.21922	6.48555e-38
9.22923	5.39028e-38
9.23924	4.47908e-38
9.24925	3.72117e-38
9.25926	3.09089e-38
9.26927	2.56685e-38
9.27928	2.13123e-38
9.28929	1.76919e-38
9.2993	1.46835e-38
9.30931	1.21843e-38
9.31932	1.01084e-38
9.32933	8.38451e-39
9.33934	6.95323e-39
9.34935	5.76512e-39
9.35936	4.77907e-39
9.36937	3.96088e-39
9.37938	3.28211e-39
9.38939	2.71911e-39
9.3994	2.25224e-39
9.40941	1.86516e-39
9.41942	1.54429e-39
9.42943	1.27837e-39
9.43944	1.05802e-39
9.44945	8.75484e-40
9.45946	7.24293e-40
9.46947	5.99092e-40
9.47948	4.95434e-40
9.48949	4.0963e-40
9.4995	3.38618e-40
9.50951	2.7986e-40
9.51952	2.31252e-40
9.52953	1.91049e-40
9.53954	1.57803e-40
9.54955	1.30316e-40
9.55956	1.07596e-40
9.56957	8.88191e-41
9.57958	7.33043e-41
9.58959	6.04875e-41
9.5996	4.99017e-41
9.60961	4.11603e-41
9.61962	3.39433e-41
9.62963	2.79861e-41
9.63964	2.30698e-41
9.64965	1.90134e-41
9.65966	1.56671e-41
9.66967	1.29071e-41
9.67968	1.06312e-41
9.68969	8.75489e-42
9.6997	7.20827e-42
9.70971	5.93369e-42
9.71972	4.88351e-42
9.72973	4.01839e-42
9.73974	3.30586e-42
9.74975	2.71913e-42
9.75976	2.23609e-42
9.76977	1.83849e-42
9.77978	1.51129e-42
9.78979	1.24207e-42
9.7998	1.0206e-42
9.80981	8.38459e-43
9.81982	6.88683e-43
9.82983	5.65549e-43
9.83984	4.64338e-43
9.84985	3.81163e-43
9.85986	3.12825e-43
9.86987	2.56687e-43
9.87988	2.10582e-43
9.88989	1.72723e-43
9.8999	1.41642e-43
9.90991	1.16131e-43
9.91992	9.51956e-44
9.92993	7.80187e-44
9.93994	6.39283e-44
9.94995	5.23723e-44
9.95996	4.28966e-44
9.96997	3.51283e-44
9.97998	2.8761e-44
9.98999	2.35431e-44
10	1.9268e-44
